# fname = f013818.csv
1,1.157515
2,-1.131706
3,0.352797
4,0.220578
5,-0.314422
6,-1.610215
7,-0.324399
8,2.146878
9,0.374149
10,-1.224904
11,-0.556415
12,-1.160848
13,-1.207789
14,1.503161
15,-0.496765
16,0.940568
17,2.450496
18,1.155275
19,0.993855
20,1.508562
21,0.744066
22,-0.126876
23,-0.848480
24,2.058539
25,0.084278
26,2.223947
27,-0.879495
28,-1.080019
29,0.206074
30,0.019677
31,0.776067
32,0.918349
33,-0.299031
34,0.884750
35,0.396654
36,2.255562
37,0.162775
38,1.822499
39,0.764381
40,-0.029887
41,-0.649096
42,-2.102571
43,-2.093012
44,-0.910426
45,-0.548879
46,1.111498
47,0.335848
48,0.087144
49,0.374807
50,-1.549200
51,0.974588
52,1.219945
53,0.049803
54,-0.689069
55,1.024875
56,1.635408
57,0.684833
58,0.124416
59,1.325107
60,-0.519253
61,0.119127
62,-1.110299
63,0.679617
64,0.318791
65,-0.196621
66,1.304744
67,1.134423
68,1.521278
69,0.987148
70,1.675802
71,-1.576653
72,2.068840
73,1.961779
74,2.078960
75,1.352712
76,1.397360
77,-0.338929
78,-1.121695
79,-1.355976
80,-0.487286
81,-0.756698
82,-0.185144
83,-0.932509
84,-0.920740
85,0.267979
86,0.372890
87,-0.468535
88,-2.044575
89,0.657512
90,-0.518173
91,0.025348
92,-1.445847
93,-0.831244
94,0.668951
95,0.112198
96,0.030617
97,-0.952557
98,-0.802836
99,-0.363323
100,-0.085671
101,0.129378
102,-1.973850
103,-0.766051
104,0.821099
105,0.093933
106,-0.497494
107,-1.350755
108,-0.122466
109,0.072126
110,0.461219
111,-0.718572
112,0.782444
113,1.697137
114,0.216305
115,-1.307146
116,-1.583518
117,0.728846
118,-1.565767
119,0.384791
120,0.673429
121,-1.557727
122,-0.003957
123,-2.449184
124,1.398671
125,1.255595
126,-0.999922
127,0.432381
128,-0.307707
129,-0.413218
130,-1.073888
131,-0.325428
132,0.287397
133,1.044916
134,-0.553993
135,0.002533
136,0.891648
137,1.075876
138,1.471804
139,1.654977
140,-0.564932
141,0.211961
142,2.410340
143,-0.586069
144,-0.482900
145,-1.528659
146,0.792930
147,1.200627
148,0.061327
149,-0.164288
150,0.583831
151,-0.693241
152,-0.821232
153,-1.241341
154,-0.874517
155,-0.139466
156,0.211327
157,0.526075
158,-1.208869
159,0.085755
160,0.292837
161,-1.948249
162,-1.298433
163,-1.531449
164,0.519642
165,-1.251453
166,-0.167535
167,0.522765
168,0.937755
169,1.024354
170,0.095905
171,-0.895062
172,-1.153280
173,0.819009
174,-0.782234
175,1.010118
176,-0.672708
177,-0.366488
178,-0.444427
179,-0.349849
180,-0.171785
181,-0.951547
182,0.384397
183,-0.421559
184,0.753282
185,-0.312826
186,-0.009757
187,1.926027
188,0.191798
189,0.731447
190,-2.260947
191,0.730322
192,-0.925247
193,-0.648163
194,-1.271703
195,-1.165502
196,-0.634885
197,-0.375901
198,0.693796
199,1.119152
200,0.071464
201,-0.602315
202,0.148408
203,-0.959123
204,-0.653100
205,-1.540575
206,-1.763580
207,-2.078571
208,-1.426219
209,-0.982671
210,-1.470820
211,-0.375550
212,0.168679
213,-0.127825
214,-0.424724
215,0.561169
216,0.509839
217,-0.475790
218,0.661718
219,0.257871
220,0.340835
221,-0.901565
222,-0.782544
223,-1.071953
224,0.002217
225,-0.991976
226,-1.173099
227,0.239178
228,0.053286
229,-0.406818
230,0.022102
231,-0.788596
232,-0.896641
233,1.103424
234,0.966825
235,1.222465
236,-0.768566
237,-1.357705
238,0.929765
239,2.006551
240,0.524263
241,-0.437644
242,0.107458
243,1.486104
244,0.195151
245,2.436639
246,0.055006
247,-1.535836
248,-1.672230
249,-1.500178
250,-0.251867
251,0.884814
252,0.560123
253,-0.132867
254,1.803853
255,0.521574
256,1.031507
257,0.465368
258,0.422098
259,-0.944187
260,0.303451
261,-1.208100
262,0.109747
263,-0.146998
264,0.547945
265,-0.272753
266,0.782544
267,1.294102
268,-1.295701
269,0.631708
270,0.828300
271,-2.453749
272,-1.909253
273,-0.785691
274,0.090540
275,0.300587
276,-0.595288
277,1.638717
278,1.132838
279,2.114026
280,1.215260
281,-1.236964
282,-0.418874
283,-0.797939
284,-0.911122
285,-0.412732
286,-0.620887
287,-0.638278
288,-0.040861
289,1.136199
290,0.418612
291,1.359181
292,1.235835
293,-0.231778
294,-1.041740
295,1.152738
296,-1.202047
297,-0.227702
298,0.444195
299,-0.501251
300,-1.256822
301,0.048045
302,0.758433
303,-0.506160
304,-0.099883
305,-0.213657
306,1.301593
307,-2.126991
308,0.170733
309,0.035454
310,-0.965860
311,-1.753705
312,0.012052
313,0.081225
314,-2.728738
315,1.707918
316,-0.154634
317,-0.916511
318,2.010231
319,-0.296426
320,1.095817
321,2.691336
322,-0.314278
323,0.463754
324,0.857215
325,0.944204
326,2.157551
327,1.242439
328,-0.429002
329,1.109436
330,0.065306
331,0.444300
332,0.418886
333,-0.387308
334,-1.104536
335,-1.456858
336,-0.238362
337,-0.823274
338,-1.303740
339,-2.878279
340,-0.312791
341,0.067448
342,-2.049755
343,0.099743
344,-0.184439
345,-0.416832
346,0.898590
347,-2.503281
348,-1.305751
349,-0.496155
350,0.998477
351,2.234940
352,0.196287
353,1.247481
354,-0.198949
355,-0.800927
356,-2.285106
357,0.371636
358,-2.333353
359,-1.518457
360,-1.031815
361,-0.803409
362,-0.272615
363,-1.963817
364,-0.564321
365,1.068619
366,-0.390136
367,-0.504478
368,0.105881
369,-0.483598
370,0.347691
371,-2.077462
372,-0.618875
373,0.795869
374,-0.073035
375,-0.955669
376,-0.340813
377,0.640704
378,-0.829746
379,-0.061963
380,-1.384862
381,-1.349382
382,-1.481931
383,-0.946973
384,0.562944
385,0.148102
386,-0.150285
387,1.706404
388,0.027407
389,-0.024517
390,-0.418257
391,-0.021873
392,0.861127
393,0.261354
394,0.557803
395,-0.066533
396,0.199694
397,0.462634
398,-1.535754
399,1.573507
400,-0.495148
401,-0.282209
402,1.257969
403,0.270473
404,0.168397
405,-0.205883
406,-0.462727
407,-0.507062
408,-0.254320
409,0.304440
410,1.576126
411,-0.134636
412,1.392721
413,1.111862
414,0.218789
415,-0.643100
416,-0.869240
417,-1.654584
418,-1.619876
419,-1.164142
420,0.084127
421,-0.562540
422,-0.413636
423,1.562322
424,1.091473
425,-0.367968
426,0.625904
427,-1.955860
428,0.140621
429,-0.860836
430,-1.166181
431,-1.255112
432,-0.357380
433,1.017555
434,0.308190
435,1.236614
436,1.707709
437,1.226013
438,0.144441
439,0.929414
440,-1.333236
441,0.845196
442,0.205359
443,-0.450525
444,0.985802
445,-0.291606
446,0.349175
447,-0.740962
448,-1.907772
449,-2.432006
450,-0.272012
451,0.309654
452,-1.211193
453,-0.601180
454,-0.886987
455,-1.236661
456,0.134404
457,0.348842
458,0.544844
459,0.806301
460,0.842143
461,-0.565607
462,-0.131376
463,2.452649
464,-0.007540
465,-1.098550
466,-0.659236
467,-0.029778
468,-1.444860
469,-0.151778
470,0.460869
471,1.404739
472,-0.279286
473,-1.338939
474,0.042685
475,0.495616
476,-1.322668
477,-0.112156
478,-0.928419
479,-0.843692
480,0.866114
481,0.303564
482,0.801434
483,0.681331
484,0.661288
485,-0.337955
486,-0.896344
487,0.097635
488,-0.706017
489,-0.636912
490,1.144008
491,1.330161
492,0.938854
493,0.475571
494,-0.767218
495,-0.462806
496,1.231100
497,0.180525
498,-0.626178
499,0.378207
500,-0.615733
501,-0.100799
502,1.281254
503,-0.934102
504,-0.336950
505,0.017506
506,-0.534560
507,-0.683445
508,1.398827
509,1.208924
510,1.807026
511,0.894578
512,1.731595
513,0.683355
514,-0.859437
515,0.590979
516,0.619154
517,0.408806
518,-2.112929
519,-0.757229
520,-2.006889
521,-1.546831
522,-0.726680
523,-0.413835
524,0.318237
525,-0.831692
526,1.303507
527,-0.672352
528,-0.506764
529,1.327135
530,0.616530
531,1.991240
532,0.486304
533,0.747281
534,-0.094462
535,-0.475112
536,-0.375855
537,-0.404025
538,0.414188
539,0.704689
540,-0.545388
541,-2.006900
542,-1.370112
543,-1.192034
544,-1.105558
545,-0.911765
546,-0.906249
547,-1.381004
548,-0.388491
549,-0.528052
550,0.162896
551,-0.631872
552,0.137439
553,-1.425596
554,0.317230
555,-1.635784
556,-0.676628
557,1.198738
558,0.118131
559,0.887126
560,0.659661
561,0.005927
562,0.630456
563,-0.484402
564,-1.046524
565,0.371869
566,-0.004473
567,0.249828
568,0.824818
569,0.822604
570,-0.462496
571,-2.638061
572,-2.775178
573,0.032333
574,-1.324914
575,-0.605281
576,-0.513353
577,0.551040
578,2.222201
579,-0.101425
580,-0.253611
581,0.496736
582,-1.503120
583,-0.187906
584,1.573036
585,0.422929
586,0.221367
587,0.262272
588,0.276533
589,0.351775
590,-1.275078
591,-1.719083
592,-1.484230
593,-0.245311
594,-0.691731
595,-0.257433
596,-1.525197
597,-1.467000
598,0.996205
599,-0.249042
600,-0.705872
601,-1.053131
602,-0.704675
603,1.888152
604,0.137641
605,-1.122857
606,-0.180229
607,0.417728
608,-1.264551
609,0.581451
610,0.124130
611,0.992510
612,0.584974
613,0.423079
614,-0.146918
615,0.792919
616,0.586176
617,0.262649
618,0.474565
619,-0.531545
620,0.607544
621,1.565629
622,0.374635
623,-0.638644
624,-0.707422
625,0.401785
626,1.357170
627,-0.139470
628,-0.488949
629,0.264309
630,-0.417588
631,-0.426743
632,1.564478
633,0.558182
634,0.145114
635,-1.911425
636,1.817261
637,-2.156521
638,-0.625867
639,1.091546
640,0.548629
641,0.889443
642,0.220498
643,-0.020852
644,-0.499711
645,-0.744409
646,-0.791042
647,0.139812
648,0.353874
649,-0.510702
650,-0.500537
651,-1.532125
652,-1.460147
653,-1.579232
654,-0.740566
655,-0.521771
656,-0.524032
657,0.018418
658,0.639009
659,0.782568
660,1.062565
661,-0.446123
662,1.555050
663,1.073153
664,0.890866
665,2.616230
666,-0.431073
667,0.681263
668,-1.386554
669,-0.911212
670,1.372540
671,0.157060
672,-0.216403
673,0.351024
674,1.391685
675,0.703826
676,1.123100
677,0.063400
678,-0.585402
679,0.222564
680,-0.415395
681,1.199118
682,-0.577867
683,0.573652
684,-0.765793
685,-0.440734
686,-0.558069
687,1.117892
688,0.965615
689,0.232588
690,-1.902790
691,-0.703570
692,-1.132675
693,-0.556355
694,-1.452259
695,-0.672701
696,-0.111385
697,-1.292608
698,0.206210
699,1.020294
700,0.885279
701,0.346032
702,-0.296133
703,1.391863
704,-0.508429
705,-0.507163
706,1.543542
707,-0.694137
708,-1.507752
709,-0.439936
710,-1.079093
711,-1.381137
712,-1.435244
713,0.927111
714,0.259120
715,-0.980618
716,-2.311378
717,-0.865075
718,-0.788558
719,-0.248460
720,1.236425
721,-0.439789
722,0.891817
723,0.330736
724,-0.656030
725,-0.398595
726,-0.132400
727,0.958728
728,1.117988
729,0.358146
730,-2.040597
731,0.389444
732,-0.154814
733,-1.252578
734,0.084536
735,-0.875616
736,-1.268429
737,-1.521636
738,-2.148626
739,-1.527892
740,-0.306989
741,0.785233
742,0.223700
743,-1.174232
744,-0.334927
745,-0.508259
746,0.715452
747,-0.062814
748,-1.397131
749,0.793335
750,-0.516218
751,0.701690
752,-0.309409
753,0.935709
754,0.181157
755,1.004093
756,1.343031
757,2.030046
758,1.600104
759,0.172595
760,0.208824
761,0.078728
762,-0.160002
763,0.257359
764,0.870177
765,-0.118929
766,-0.697435
767,0.086760
768,-1.249093
769,-1.223260
770,-0.228330
771,-0.323679
772,-0.755920
773,1.897297
774,-0.719834
775,-1.430841
776,-1.345794
777,1.980651
778,1.278241
779,-0.059425
780,0.286156
781,0.851038
782,1.082747
783,0.018834
784,0.484940
785,-2.062417
786,-0.964894
787,-0.451611
788,-0.225085
789,-0.419180
790,0.986192
791,-0.774958
792,1.064889
793,0.254211
794,1.219539
795,-0.979785
796,-1.106644
797,-3.592590
798,-0.433386
799,0.258588
800,1.229055
801,-0.132829
802,-0.519014
803,0.816561
804,-1.294324
805,-0.233052
806,1.422472
807,-0.116116
808,-0.506580
809,-0.193086
810,-1.643157
811,1.735061
812,-0.232741
813,0.076211
814,-0.738060
815,-0.847534
816,1.108803
817,-1.079946
818,0.626110
819,1.272854
820,-0.134843
821,-0.642313
822,1.184167
823,2.073350
824,-0.024408
825,0.309145
826,-0.490326
827,-1.223014
828,0.782743
829,0.632787
830,0.128547
831,1.135251
832,-2.371869
833,-0.439815
834,0.009967
835,0.338243
836,-0.403864
837,-0.344525
838,-0.945438
839,0.182353
840,0.837526
841,1.070691
842,-2.469704
843,-0.917927
844,-2.517602
845,-0.887501
846,2.319725
847,-0.278659
848,-0.663227
849,0.300546
850,-0.504888
851,-0.583849
852,-2.087135
853,0.069940
854,-1.096582
855,0.361320
856,-0.873064
857,0.245029
858,-0.656711
859,0.779310
860,-0.872924
861,-1.113376
862,0.071356
863,0.944684
864,-0.496617
865,0.188810
866,0.971493
867,2.045135
868,1.189489
869,0.385905
870,1.328298
871,-1.013698
872,0.371580
873,1.450130
874,0.742932
875,-1.473291
876,-0.282150
877,1.213813
878,1.294777
879,0.276575
880,0.279690
881,-1.988435
882,0.349367
883,0.017794
884,-0.714110
885,-0.181751
886,-0.886707
887,-0.076403
888,1.818214
889,-0.013348
890,1.469141
891,1.221762
892,-0.759292
893,0.538072
894,0.341486
895,0.227230
896,-0.361539
897,-0.292841
898,-1.226661
899,-0.429421
900,-0.485388
901,-1.407620
902,-0.753377
903,0.388014
904,-0.315460
905,1.877566
906,1.566308
907,0.974048
908,-0.130073
909,-1.042254
910,-0.780737
911,0.723431
912,-0.454126
913,0.235242
914,0.485038
915,-2.196458
916,-0.509010
917,0.105567
918,-0.685584
919,0.899363
920,-0.214670
921,-1.804148
922,-0.066498
923,1.719094
924,-0.014749
925,-0.888176
926,-0.260772
927,-0.695352
928,1.193098
929,0.798989
930,-0.760294
931,-0.860480
932,-0.135166
933,0.301170
934,0.403835
935,1.534363
936,0.018582
937,1.432655
938,0.966199
939,-0.082145
940,0.239824
941,1.618228
942,0.212012
943,0.415252
944,1.645373
945,-1.248459
946,0.503109
947,-1.475189
948,-0.845695
949,1.505430
950,0.481539
951,1.085929
952,0.659297
953,-0.597744
954,1.037195
955,1.752619
956,0.567552
957,-1.116551
958,-0.065588
959,1.742865
960,1.160475
961,0.730606
962,1.130996
963,-1.752231
964,-1.777074
965,-0.611685
966,0.977810
967,-0.141347
968,0.103060
969,-0.692522
970,-0.188902
971,1.236637
972,1.848741
973,1.303975
974,-1.021222
975,-0.455757
976,-1.219745
977,-1.090934
978,-1.469180
979,-0.813525
980,-0.136406
981,0.104437
982,-0.330912
983,0.313227
984,1.720207
985,0.833429
986,-0.081087
987,-1.228987
988,-1.196464
989,-0.517253
990,1.679848
991,-1.232528
992,-1.883801
993,-2.771206
994,-0.290875
995,-1.397078
996,0.903493
997,0.477525
998,-0.271981
999,0.826248
1000,-0.086690
1001,-1.859510
1002,2.276855
1003,1.791998
1004,0.529810
1005,0.067432
1006,0.973878
1007,-0.281676
1008,-1.825082
1009,-0.656346
1010,0.331446
1011,0.053006
1012,-0.168620
1013,0.032103
1014,0.969366
1015,-1.107861
1016,-0.558048
1017,-1.378626
1018,0.011789
1019,-0.101657
1020,0.313185
1021,0.542268
1022,0.375642
1023,0.303792
1024,-0.147950
1025,-1.329564
1026,-1.072999
1027,-0.086799
1028,-0.920556
1029,-0.370314
1030,0.978578
1031,-0.809076
1032,2.912186
1033,0.585893
1034,0.375827
1035,1.929968
1036,-0.984608
1037,-0.248305
1038,-0.489382
1039,0.169838
1040,-0.725583
1041,0.168872
1042,-1.422560
1043,-0.237847
1044,2.589401
1045,1.427757
1046,-0.456135
1047,0.329077
1048,-1.947296
1049,-1.048609
1050,1.372476
1051,1.364774
1052,-1.511557
1053,-0.624001
1054,-1.308995
1055,-0.758927
1056,0.422831
1057,0.574014
1058,-0.539624
1059,-0.305701
1060,0.981883
1061,0.584103
1062,-1.064416
1063,-0.162889
1064,0.695793
1065,-2.695039
1066,1.083085
1067,0.441401
1068,0.148853
1069,0.971174
1070,-1.311426
1071,-1.361624
1072,0.460744
1073,2.229338
1074,2.898538
1075,1.715115
1076,-0.031893
1077,-1.222176
1078,0.142215
1079,-0.344157
1080,-0.554948
1081,1.710747
1082,-1.579642
1083,0.423986
1084,-2.274923
1085,-1.519415
1086,-1.173722
1087,-1.450236
1088,-2.689111
1089,-0.447916
1090,-0.689672
1091,-0.339073
1092,-0.999778
1093,-1.472682
1094,-1.104262
1095,0.298445
1096,-0.722237
1097,1.355611
1098,0.707541
1099,0.409919
1100,-0.909358
1101,1.140657
1102,-0.722114
1103,-0.127296
1104,-1.388593
1105,-1.628299
1106,0.041566
1107,-1.253676
1108,-0.020338
1109,-0.349822
1110,1.040535
1111,1.347244
1112,-0.855080
1113,-0.342138
1114,-0.407496
1115,0.492619
1116,0.225668
1117,0.393210
1118,-0.545483
1119,-0.712456
1120,-2.549772
1121,-0.542019
1122,-2.695873
1123,-0.686650
1124,-2.363677
1125,-0.633298
1126,-0.668967
1127,-1.725143
1128,-0.741498
1129,1.807992
1130,-0.245464
1131,-0.381880
1132,-0.092826
1133,-2.951352
1134,-1.505357
1135,-0.561975
1136,-1.742679
1137,-1.045130
1138,-1.133195
1139,-1.542201
1140,-0.347462
1141,0.051581
1142,-1.263079
1143,0.680396
1144,0.766808
1145,-0.490475
1146,0.220767
1147,-0.801360
1148,-1.129286
1149,-1.397247
1150,1.079825
1151,1.772816
1152,-0.511907
1153,-0.341042
1154,-0.164630
1155,-1.991265
1156,-0.474224
1157,-1.085789
1158,-0.546227
1159,0.127786
1160,0.022495
1161,1.416227
1162,1.869527
1163,-1.094672
1164,-0.443650
1165,-0.673765
1166,-0.142360
1167,-0.032694
1168,0.439407
1169,-0.624461
1170,-0.041194
1171,0.605134
1172,-0.150480
1173,-1.676428
1174,-0.398185
1175,-0.106816
1176,-3.158112
1177,0.265546
1178,-2.028621
1179,-0.182939
1180,1.148557
1181,-1.476720
1182,-1.264012
1183,1.379223
1184,1.240665
1185,1.021486
1186,1.347714
1187,1.011027
1188,-1.061288
1189,-2.775205
1190,-0.333291
1191,-0.491740
1192,2.468463
1193,1.121803
1194,-0.941424
1195,0.327229
1196,-0.059277
1197,-0.399589
1198,-1.902720
1199,0.306559
1200,-0.809124
1201,-0.993660
1202,1.002894
1203,-0.248318
1204,-0.928642
1205,-2.060650
1206,-0.244643
1207,2.268703
1208,-0.732052
1209,-1.699325
1210,-0.285647
1211,1.634835
1212,0.001533
1213,0.415272
1214,-0.012294
1215,1.355610
1216,0.536750
1217,0.937550
1218,1.643835
1219,-0.414612
1220,0.479625
1221,-0.083375
1222,1.075061
1223,1.834833
1224,0.589101
1225,1.854120
1226,0.546168
1227,0.190303
1228,1.052816
1229,1.044177
1230,0.747872
1231,1.125197
1232,1.161371
1233,0.418102
1234,-1.446925
1235,-0.509280
1236,-0.578257
1237,-0.458014
1238,0.106920
1239,0.962671
1240,0.486744
1241,0.866631
1242,-0.395508
1243,-0.444584
1244,0.275003
1245,-1.042316
1246,-0.034626
1247,0.237569
1248,-1.253479
1249,1.281628
1250,-0.748067
1251,-1.426982
1252,-0.048465
1253,1.035932
1254,0.257260
1255,0.093910
1256,-0.303513
1257,-0.956933
1258,0.422100
1259,0.775685
1260,0.664254
1261,-0.935073
1262,-0.366139
1263,-1.039902
1264,0.434393
1265,0.198595
1266,-0.191293
1267,0.339723
1268,-0.562994
1269,0.903688
1270,1.145458
1271,2.415273
1272,0.053337
1273,0.297600
1274,0.122698
1275,0.476438
1276,1.195635
1277,-0.929238
1278,1.574235
1279,3.131704
1280,1.836580
1281,-0.056421
1282,0.057660
1283,0.676847
1284,-0.446762
1285,0.095308
1286,-1.173277
1287,0.579625
1288,-0.933769
1289,2.030086
1290,0.147822
1291,-0.453280
1292,-0.291878
1293,-1.517590
1294,0.606212
1295,0.653395
1296,-0.249273
1297,0.837666
1298,2.649925
1299,0.980125
1300,-0.444544
1301,-0.982311
1302,0.873088
1303,0.679000
1304,2.942002
1305,-0.302101
1306,0.317033
1307,-0.965321
1308,-0.285996
1309,-0.619584
1310,-1.286128
1311,1.468258
1312,-0.154069
1313,-0.117381
1314,-0.477941
1315,0.174181
1316,-0.568927
1317,1.319701
1318,0.561891
1319,0.276239
1320,0.808005
1321,-0.348298
1322,2.154836
1323,-2.007037
1324,-0.196825
1325,-0.725513
1326,-0.824614
1327,-1.282519
1328,-0.096672
1329,1.953820
1330,1.773666
1331,0.518932
1332,0.455857
1333,-0.677529
1334,-0.354837
1335,-0.653514
1336,-0.403907
1337,0.866988
1338,1.968087
1339,0.447353
1340,-0.343394
1341,-1.146070
1342,-0.226852
1343,-1.479553
1344,-0.984057
1345,-2.353294
1346,-2.360200
1347,-2.482514
1348,1.136726
1349,-0.284664
1350,0.687485
1351,-0.922282
1352,0.128174
1353,-0.060018
1354,-0.694359
1355,0.022905
1356,-1.405041
1357,-0.970984
1358,-1.665644
1359,-0.609208
1360,1.115085
1361,2.076505
1362,0.532200
1363,-0.174492
1364,-1.544656
1365,0.214208
1366,0.278231
1367,-0.181748
1368,-0.957465
1369,0.667282
1370,-0.067942
1371,-1.170768
1372,0.823951
1373,0.928449
1374,-1.305893
1375,0.551213
1376,-0.472698
1377,0.007486
1378,-1.034436
1379,-0.378862
1380,0.262955
1381,-0.979101
1382,-1.636476
1383,-0.390589
1384,0.032154
1385,-0.534413
1386,0.703088
1387,1.235250
1388,2.891138
1389,-0.532617
1390,2.082918
1391,-0.856991
1392,-0.039335
1393,-1.737533
1394,-0.069437
1395,0.894557
1396,0.511552
1397,0.885212
1398,-0.558566
1399,1.786332
1400,0.504203
1401,0.326480
1402,1.075387
1403,-0.564763
1404,0.101968
1405,0.657172
1406,-0.401536
1407,0.533097
1408,0.071710
1409,-0.147606
1410,0.641105
1411,1.161706
1412,0.485062
1413,-0.212977
1414,1.520830
1415,1.305123
1416,1.575102
1417,1.897479
1418,0.547594
1419,0.155361
1420,-1.918041
1421,-1.301852
1422,-1.134007
1423,-0.910020
1424,-0.444676
1425,0.608941
1426,0.452566
1427,-1.441319
1428,-0.798466
1429,-2.414141
1430,0.381663
1431,-1.508165
1432,1.614590
1433,0.305366
1434,0.526665
1435,0.344578
1436,-0.744714
1437,-0.328382
1438,-0.619899
1439,-0.109090
1440,-0.434497
1441,-0.395261
1442,-0.500686
1443,0.693111
1444,1.276157
1445,2.143427
1446,1.798465
1447,-1.191859
1448,0.660808
1449,-0.573767
1450,-1.456677
1451,-0.191727
1452,0.163348
1453,-1.184100
1454,-0.792896
1455,0.792808
1456,0.422050
1457,0.556785
1458,-0.761028
1459,-0.382305
1460,1.307269
1461,0.903209
1462,-0.148867
1463,1.802421
1464,0.958999
1465,-0.141144
1466,0.845430
1467,1.891573
1468,-0.538354
1469,0.895013
1470,-1.466698
1471,-1.053238
1472,-0.555070
1473,-2.224965
1474,-0.894389
1475,1.152222
1476,1.000508
1477,0.837981
1478,3.762308
1479,0.492762
1480,-0.907179
1481,-0.405100
1482,0.500137
1483,0.203147
1484,0.860897
1485,0.269002
1486,1.577252
1487,1.271510
1488,0.162260
1489,0.058400
1490,-0.077938
1491,2.846955
1492,1.570646
1493,0.549813
1494,0.791406
1495,0.265901
1496,-0.014021
1497,2.636271
1498,1.362974
1499,2.132331
1500,-1.205905
1501,0.440574
1502,1.703278
1503,-0.319629
1504,0.589621
1505,0.128224
1506,0.430484
1507,0.634369
1508,-1.221480
1509,-0.516761
1510,0.563890
1511,0.738111
1512,-0.494809
1513,-0.585955
1514,0.035271
1515,0.178787
1516,1.321986
1517,-0.018001
1518,-2.534392
1519,0.182276
1520,-0.795031
1521,0.042077
1522,0.886453
1523,0.203970
1524,-0.695946
1525,-0.351670
1526,-0.558516
1527,-0.189146
1528,-0.389860
1529,-1.025434
1530,-0.544094
1531,0.065553
1532,-0.888318
1533,0.271283
1534,0.701084
1535,0.464202
1536,1.202056
1537,-0.814755
1538,-0.013672
1539,-1.729945
1540,0.201106
1541,-0.307581
1542,-0.638192
1543,-0.135742
1544,0.883395
1545,-1.220733
1546,-1.040790
1547,-2.282946
1548,-0.701564
1549,0.991283
1550,-1.230820
1551,-0.293939
1552,-1.490399
1553,0.290508
1554,-0.247525
1555,-0.926291
1556,-0.626027
1557,-0.149912
1558,-0.923706
1559,0.837229
1560,0.002627
1561,-0.852009
1562,-0.156437
1563,-0.690003
1564,2.155602
1565,-0.197873
1566,-0.149259
1567,-0.396668
1568,-0.334072
1569,-1.214303
1570,-2.297999
1571,-1.043294
1572,0.262985
1573,0.693161
1574,0.773936
1575,0.500033
1576,-1.907640
1577,0.680811
1578,-0.364606
1579,-0.408771
1580,-0.052788
1581,-0.750913
1582,-1.420217
1583,-0.140116
1584,1.904510
1585,-0.278026
1586,-1.821871
1587,1.460746
1588,0.156904
1589,-2.842987
1590,-2.648186
1591,-0.237103
1592,-1.516346
1593,-0.013600
1594,0.230701
1595,0.196949
1596,0.707086
1597,0.801165
1598,0.475208
1599,-0.561252
1600,0.996132
1601,-0.847540
1602,-0.603356
1603,-1.493322
1604,-0.310304
1605,1.151266
1606,0.051959
1607,-0.416004
1608,-0.239747
1609,-1.066121
1610,0.210850
1611,-0.373260
1612,-0.017725
1613,-0.240519
1614,0.858356
1615,-1.154058
1616,-0.748340
1617,0.170956
1618,0.659334
1619,-0.876570
1620,-1.783425
1621,0.285633
1622,0.964538
1623,1.184595
1624,0.666500
1625,1.343146
1626,-0.030425
1627,0.292148
1628,0.843337
1629,1.966128
1630,0.049099
1631,-1.721927
1632,-0.016166
1633,2.118982
1634,0.570226
1635,0.542766
1636,0.068535
1637,0.219820
1638,0.605830
1639,0.900385
1640,-0.855100
1641,-1.256121
1642,1.486385
1643,0.951279
1644,0.047348
1645,0.936242
1646,-0.198848
1647,-0.130764
1648,-0.494037
1649,-0.808404
1650,0.114455
1651,0.390800
1652,-0.913085
1653,-0.035578
1654,0.633101
1655,-0.307184
1656,1.005891
1657,0.602251
1658,-0.970913
1659,1.072211
1660,0.410670
1661,0.377916
1662,1.459803
1663,0.914116
1664,2.643675
1665,1.121762
1666,-0.254840
1667,0.200985
1668,0.776953
1669,0.653653
1670,2.045740
1671,1.215677
1672,1.155017
1673,-1.817775
1674,-0.622433
1675,0.576544
1676,-0.004476
1677,-0.076264
1678,0.981117
1679,0.540641
1680,0.311613
1681,-0.854602
1682,-0.441549
1683,0.899334
1684,0.630340
1685,-0.776168
1686,1.125720
1687,-1.470887
1688,0.593439
1689,0.261711
1690,0.675958
1691,1.510653
1692,1.053448
1693,2.130798
1694,1.154957
1695,1.192811
1696,1.001564
1697,0.040317
1698,0.412367
1699,2.122779
1700,-0.463861
1701,-0.087201
1702,-1.345122
1703,1.151344
1704,1.285213
1705,0.796949
1706,1.607693
1707,1.064771
1708,0.257354
1709,0.432128
1710,0.463795
1711,-0.080133
1712,-0.214841
1713,1.011364
1714,-0.769792
1715,-0.344462
1716,0.798782
1717,1.082922
1718,-1.653874
1719,-0.759206
1720,-0.180685
1721,0.889056
1722,1.710298
1723,0.115725
1724,0.992144
1725,0.458655
1726,0.210427
1727,1.078682
1728,0.626691
1729,-1.042638
1730,1.700243
1731,-0.544129
1732,0.511891
1733,-1.967435
1734,-0.028083
1735,-1.088012
1736,-0.371596
1737,0.757440
1738,0.158646
1739,0.909141
1740,0.496878
1741,0.704380
1742,0.462709
1743,-0.074326
1744,-0.621385
1745,0.360814
1746,-0.257237
1747,2.416623
1748,0.815241
1749,0.198619
1750,-1.554224
1751,-2.220525
1752,-1.616870
1753,0.070718
1754,-1.715093
1755,-0.839770
1756,-1.261158
1757,1.046125
1758,0.612453
1759,0.079024
1760,0.864332
1761,0.713416
1762,0.192285
1763,-0.902289
1764,1.338119
1765,0.125484
1766,0.838010
1767,-1.631992
1768,-0.377453
1769,-0.392522
1770,-1.072313
1771,0.120257
1772,0.306632
1773,0.086266
1774,-0.678842
1775,0.317076
1776,-0.980290
1777,1.790949
1778,-1.123902
1779,0.827381
1780,-1.175053
1781,-0.670518
1782,-1.330817
1783,-1.338542
1784,-0.881438
1785,-1.038195
1786,0.823800
1787,2.086191
1788,2.486316
1789,0.436834
1790,0.074239
1791,0.802211
1792,1.186619
1793,1.247682
1794,0.193680
1795,-0.022365
1796,0.355257
1797,1.530011
1798,-0.175623
1799,-0.180653
1800,-1.880212
1801,-0.471443
1802,-2.523822
1803,-0.564428
1804,0.427819
1805,-1.470229
1806,0.408559
1807,-1.377534
1808,0.515062
1809,-0.635914
1810,1.162911
1811,0.067554
1812,1.140822
1813,-0.494416
1814,0.261271
1815,1.626875
1816,0.290299
1817,0.422117
1818,-0.895501
1819,1.358931
1820,-0.349852
1821,-1.056274
1822,2.268751
1823,0.942433
1824,1.048157
1825,-0.974917
1826,0.435356
1827,-0.416779
1828,-0.069146
1829,0.207011
1830,-0.175499
1831,-1.782894
1832,-0.308976
1833,-2.409448
1834,0.330551
1835,-1.005422
1836,-2.476268
1837,-1.220914
1838,0.806898
1839,-0.669990
1840,-1.096114
1841,-0.432156
1842,-1.093696
1843,0.638944
1844,1.068295
1845,0.359027
1846,1.473421
1847,-1.027294
1848,-2.232975
1849,-0.516819
1850,0.512057
1851,2.259132
1852,-0.643572
1853,0.312440
1854,-0.151873
1855,0.622396
1856,1.454677
1857,-0.194492
1858,0.756522
1859,-0.886377
1860,-0.694180
1861,-1.484156
1862,0.481837
1863,-0.129658
1864,-1.784044
1865,0.819819
1866,1.246883
1867,0.306440
1868,-1.034451
1869,1.359463
1870,1.279017
1871,-0.836868
1872,0.655028
1873,-0.541994
1874,-1.063036
1875,-1.221986
1876,-0.442656
1877,-0.651949
1878,-0.133380
1879,-0.245079
1880,-1.034670
1881,-0.991158
1882,0.037729
1883,0.750166
1884,-1.959250
1885,-1.776011
1886,-0.856792
1887,-1.405092
1888,-0.243727
1889,1.238350
1890,0.045545
1891,0.419753
1892,1.694413
1893,-1.348930
1894,-0.245690
1895,1.218459
1896,1.543223
1897,0.196670
1898,-0.035128
1899,0.845960
1900,-0.405336
1901,-0.524327
1902,-1.985253
1903,-0.002887
1904,0.142760
1905,3.612835
1906,0.556472
1907,1.618727
1908,-1.466192
1909,0.147032
1910,1.792730
1911,1.767135
1912,-0.710099
1913,-2.161792
1914,-0.449703
1915,-0.069245
1916,0.814908
1917,-0.521489
1918,-0.674764
1919,-0.070861
1920,-3.040001
1921,-1.316592
1922,-0.940592
1923,-0.170071
1924,0.273341
1925,2.552513
1926,0.158573
1927,0.904121
1928,0.017445
1929,0.918752
1930,-0.302727
1931,-0.539171
1932,-1.624666
1933,0.214992
1934,1.448193
1935,0.031909
1936,0.818246
1937,-0.886388
1938,-0.267583
1939,-0.957614
1940,-0.688433
1941,0.956789
1942,-1.766735
1943,-1.422648
1944,0.936779
1945,1.251548
1946,0.288511
1947,0.822687
1948,-0.290854
1949,0.712602
1950,-1.269396
1951,0.012039
1952,-0.528896
1953,1.089277
1954,1.433600
1955,0.805381
1956,1.765954
1957,-0.990765
1958,0.100674
1959,0.108154
1960,-0.873817
1961,1.143583
1962,-0.250016
1963,-1.614157
1964,-1.294388
1965,-1.009534
1966,-0.773156
1967,-1.361087
1968,-2.007215
1969,0.559559
1970,1.516087
1971,-1.290865
1972,0.566068
1973,-0.648244
1974,1.961978
1975,-0.157589
1976,-1.290086
1977,1.300615
1978,0.480102
1979,1.030536
1980,2.040821
1981,0.478580
1982,-0.237184
1983,-0.303141
1984,-1.982176
1985,-0.698722
1986,0.142846
1987,-2.015567
1988,-1.018256
1989,-3.000777
1990,-0.150933
1991,-0.534207
1992,-1.388205
1993,0.436255
1994,0.427855
1995,-1.304196
1996,1.320287
1997,0.463899
1998,0.661050
1999,1.126061
2000,1.253000
2001,1.688531
2002,-1.503965
2003,-0.588337
2004,-1.103116
2005,-1.960615
2006,-0.633310
2007,2.089126
2008,0.949082
2009,1.208981
2010,-0.522458
2011,-1.556980
2012,1.144494
2013,-0.075961
2014,0.491764
2015,-0.554937
2016,0.658011
2017,-0.541498
2018,-0.307019
2019,0.791216
2020,-1.310839
2021,-0.898853
2022,-0.149116
2023,0.296005
2024,0.853170
2025,0.895184
2026,0.554176
2027,-0.724011
2028,-0.142387
2029,0.546605
2030,-0.298596
2031,-0.549410
2032,-0.299274
2033,0.584556
2034,0.472597
2035,-0.902790
2036,0.367140
2037,-1.917846
2038,-0.672433
2039,1.019897
2040,0.273111
2041,-0.725419
2042,1.667049
2043,2.106337
2044,-0.273609
2045,-1.284138
2046,0.584518
2047,1.136261
2048,0.040846
2049,0.143065
2050,-1.227193
2051,0.950079
2052,1.448408
2053,0.680219
2054,2.300706
2055,1.566688
2056,0.820839
2057,1.766129
2058,0.520965
2059,-0.026488
2060,-0.596269
2061,-1.560429
2062,-0.716283
2063,0.737776
2064,0.652149
2065,0.931471
2066,1.273670
2067,0.197966
2068,0.185504
2069,0.362755
2070,-0.137131
2071,0.002384
2072,-0.099633
2073,-1.703211
2074,0.366899
2075,0.093162
2076,0.239125
2077,-1.175920
2078,0.139907
2079,1.666795
2080,0.654516
2081,-1.294779
2082,-1.067492
2083,-0.436643
2084,0.543566
2085,0.174911
2086,0.054013
2087,0.670018
2088,0.806025
2089,0.764210
2090,-0.836206
2091,-0.591149
2092,-0.818052
2093,-1.309013
2094,-0.746126
2095,-1.971821
2096,-0.774430
2097,-1.036635
2098,-0.709030
2099,-0.761324
2100,-0.937353
2101,-0.363993
2102,-0.111632
2103,0.003857
2104,-1.306825
2105,1.311828
2106,-1.838606
2107,-0.375496
2108,-0.694243
2109,-0.146019
2110,-0.064784
2111,0.376104
2112,-2.530609
2113,-2.270263
2114,-0.527361
2115,0.435385
2116,1.086503
2117,0.779221
2118,0.676437
2119,1.135734
2120,1.007933
2121,0.490694
2122,0.447293
2123,-0.317022
2124,0.054657
2125,0.261642
2126,-1.087154
2127,-0.041858
2128,-1.017015
2129,0.473408
2130,-2.939405
2131,1.489395
2132,-0.032342
2133,-0.740773
2134,-1.543138
2135,-1.456546
2136,0.263495
2137,-0.374219
2138,-0.359398
2139,0.920085
2140,0.667523
2141,-0.035581
2142,1.936371
2143,0.009068
2144,-0.271211
2145,0.378966
2146,-1.031079
2147,-1.507776
2148,0.404405
2149,0.245788
2150,-1.194419
2151,0.237174
2152,0.000210
2153,-0.440125
2154,-1.054011
2155,-0.374664
2156,0.088410
2157,-0.744229
2158,-0.477327
2159,0.605821
2160,0.210882
2161,0.215448
2162,-1.563082
2163,-1.611307
2164,0.731921
2165,-0.533865
2166,1.324297
2167,1.947374
2168,-0.505494
2169,-0.571106
2170,0.318861
2171,-0.732189
2172,-1.186358
2173,-0.554033
2174,-0.310316
2175,-1.800688
2176,-2.355169
2177,0.382115
2178,0.319550
2179,-0.651282
2180,1.064094
2181,1.466083
2182,-0.694998
2183,-0.453959
2184,-2.182076
2185,-1.070200
2186,-0.863931
2187,-0.602358
2188,-0.177766
2189,0.245258
2190,1.654314
2191,0.718996
2192,0.346705
2193,1.258171
2194,0.407343
2195,0.278090
2196,-0.532232
2197,0.388337
2198,-0.981220
2199,1.452832
2200,-0.532874
2201,-0.492353
2202,1.365240
2203,2.347584
2204,0.229179
2205,1.265800
2206,0.785335
2207,0.009102
2208,0.378877
2209,-0.136011
2210,-0.815364
2211,0.153431
2212,-0.497768
2213,0.758479
2214,-1.733309
2215,-1.023480
2216,1.209441
2217,0.012771
2218,-1.682017
2219,0.526925
2220,-0.010241
2221,-0.560179
2222,-0.168758
2223,-0.462849
2224,-0.041250
2225,0.683262
2226,0.090328
2227,1.444282
2228,-1.269304
2229,-0.002540
2230,-0.979094
2231,0.222865
2232,-0.407721
2233,0.897225
2234,0.278203
2235,0.584537
2236,-0.295635
2237,-1.569906
2238,0.755522
2239,-0.652604
2240,0.755283
2241,-0.317834
2242,-2.027278
2243,-0.919993
2244,-0.111423
2245,-1.354950
2246,1.098326
2247,1.230610
2248,-0.671621
2249,-0.776416
2250,0.479692
2251,0.586282
2252,0.874374
2253,-0.375888
2254,-0.496556
2255,0.357551
2256,-0.599028
2257,-0.553857
2258,1.282293
2259,1.585171
2260,-0.777780
2261,0.280307
2262,-0.134572
2263,-0.116810
2264,1.046614
2265,1.129825
2266,-0.528005
2267,1.020028
2268,0.859600
2269,1.912613
2270,1.427458
2271,-0.457584
2272,-0.367074
2273,0.209499
2274,0.882837
2275,0.939059
2276,-1.989596
2277,-2.884127
2278,-2.896583
2279,-1.252150
2280,0.654841
2281,-0.372561
2282,0.178478
2283,-1.443711
2284,-0.331325
2285,1.069019
2286,0.868410
2287,-0.548686
2288,-1.661307
2289,-0.503880
2290,-0.474488
2291,0.640963
2292,-0.333245
2293,0.060095
2294,-0.401377
2295,0.209316
2296,0.282681
2297,1.044154
2298,-1.116405
2299,-2.221139
2300,-0.095710
2301,0.566574
2302,2.574228
2303,0.419487
2304,1.756424
2305,-1.113270
2306,0.247250
2307,0.372623
2308,0.045879
2309,0.494068
2310,1.217967
2311,-0.568014
2312,1.606452
2313,0.346243
2314,-0.361001
2315,0.627841
2316,-0.733704
2317,-0.700300
2318,0.162879
2319,0.853476
2320,0.268252
2321,1.662338
2322,1.482785
2323,1.065087
2324,0.733226
2325,-0.488900
2326,-0.719659
2327,0.516162
2328,1.453996
2329,-1.203371
2330,-2.400070
2331,0.383760
2332,0.375218
2333,-0.981481
2334,-1.398933
2335,-0.911080
2336,0.749703
2337,1.514169
2338,0.479777
2339,0.161327
2340,-1.841827
2341,-0.777894
2342,0.117891
2343,0.466276
2344,-0.984222
2345,-0.679783
2346,-1.483501
2347,2.114758
2348,0.540036
2349,1.555940
2350,0.030148
2351,-1.569714
2352,-0.664250
2353,-1.335908
2354,-0.435321
2355,1.778809
2356,-0.539114
2357,-0.646765
2358,-0.023721
2359,1.820277
2360,-1.217840
2361,1.079282
2362,-1.311264
2363,0.645097
2364,-2.203769
2365,0.846499
2366,0.128124
2367,-0.407877
2368,-1.495721
2369,-0.900380
2370,-0.956874
2371,-0.377923
2372,10.605203
2373,14.541546
2374,15.202239
2375,14.812477
2376,16.810179
2377,21.510226
2378,13.710747
2379,15.864721
2380,16.690811
2381,14.031223
2382,13.428496
2383,11.907040
2384,14.827173
2385,19.324923
2386,17.163280
2387,16.925828
2388,19.351901
2389,12.951354
2390,13.973115
2391,15.697078
2392,16.926699
2393,17.345777
2394,16.600709
2395,14.676680
2396,13.711192
2397,15.622174
2398,11.670762
2399,15.314216
2400,12.910208
2401,15.557453
2402,18.280318
2403,16.825171
2404,17.725943
2405,20.335464
2406,19.126621
2407,13.791488
2408,15.287666
2409,16.287547
2410,18.884081
2411,13.772636
2412,17.708877
2413,16.293299
2414,14.911134
2415,15.874961
2416,15.832067
2417,15.133634
2418,14.059112
2419,19.526448
2420,16.484892
2421,16.438804
2422,17.569583
2423,19.236979
2424,16.255699
2425,18.072389
2426,17.200745
2427,17.382532
2428,19.154939
2429,14.129871
2430,17.187625
2431,16.728380
2432,16.799826
2433,15.775504
2434,14.245783
2435,15.221701
2436,16.350690
2437,17.413938
2438,17.631736
2439,18.674502
2440,16.836467
2441,17.865576
2442,14.815764
2443,18.423258
2444,16.702794
2445,16.845460
2446,14.542640
2447,16.555094
2448,14.619863
2449,18.612905
2450,16.525842
2451,15.585076
2452,17.220141
2453,14.808162
2454,16.184114
2455,14.561760
2456,16.310936
2457,15.339472
2458,13.404564
2459,15.593308
2460,17.748843
2461,17.817312
2462,18.125648
2463,21.030606
2464,17.451185
2465,16.446324
2466,16.302378
2467,15.260080
2468,16.623994
2469,13.429482
2470,15.832852
2471,16.595841
2472,18.917509
2473,16.108713
2474,14.788228
2475,17.208708
2476,14.344766
2477,10.771627
2478,15.450053
2479,12.842922
2480,18.538167
2481,14.995449
2482,15.468017
2483,14.405212
2484,13.564535
2485,13.453490
2486,16.027902
2487,18.132987
2488,15.763003
2489,13.019287
2490,12.129409
2491,13.449887
2492,16.830738
2493,17.739191
2494,11.826128
2495,12.167737
2496,13.661735
2497,16.139058
2498,17.804426
2499,15.142277
2500,13.114885
2501,14.407367
2502,12.753838
2503,12.716982
2504,15.050216
2505,17.332910
2506,14.988465
2507,14.496905
2508,16.560225
2509,17.208607
2510,15.325339
2511,14.704285
2512,12.107167
2513,17.750043
2514,17.613896
2515,16.172984
2516,14.897043
2517,16.130210
2518,16.838558
2519,16.310146
2520,16.241975
2521,17.866843
2522,14.358447
2523,15.902141
2524,17.840587
2525,18.305699
2526,19.289319
2527,16.735212
2528,15.976942
2529,17.163286
2530,19.080668
2531,14.902711
2532,16.719233
2533,18.172900
2534,15.442903
2535,20.053100
2536,14.632983
2537,18.419273
2538,17.711153
2539,14.791315
2540,14.990253
2541,13.957018
2542,15.788738
2543,13.967733
2544,18.066015
2545,18.067251
2546,18.197099
