# fname = f009474.csv
#  num_bckg events = 11
#  num_sig events = 1
# 0: class: 0, dur: 52 start: 1, stop = 52
# 1: class: 3, dur: 249 start: 53, stop = 301
# 2: class: 0, dur: 60 start: 302, stop = 361
# 3: class: 0, dur: 471 start: 362, stop = 832
# 4: class: 0, dur: 366 start: 833, stop = 1198
# 5: class: 0, dur: 267 start: 1199, stop = 1465
# 6: class: 0, dur: 232 start: 1466, stop = 1697
# 7: class: 0, dur: 377 start: 1698, stop = 2074
# 8: class: 0, dur: 110 start: 2075, stop = 2184
# 9: class: 0, dur: 235 start: 2185, stop = 2419
# 10: class: 0, dur: 293 start: 2420, stop = 2712
# 11: class: 0, dur: 385 start: 2713, stop = 3097
#------------
1,0.277822
2,-0.265102
3,1.587087
4,0.409644
5,-1.367180
6,-0.463237
7,-0.166628
8,-0.786553
9,-0.989286
10,0.489359
11,-0.037616
12,0.582894
13,-0.228409
14,-0.056024
15,0.500632
16,0.668513
17,1.114117
18,0.567867
19,-0.138370
20,-0.870079
21,-0.780828
22,0.434326
23,-0.635697
24,-0.620409
25,1.805200
26,-0.932975
27,-1.358733
28,-0.956383
29,-1.875715
30,0.019883
31,0.324114
32,0.093646
33,-0.490627
34,-0.529561
35,-1.906587
36,1.211111
37,-0.327576
38,-0.917643
39,0.129150
40,-0.301614
41,-0.730718
42,-0.892756
43,-0.785868
44,-0.445732
45,-0.897894
46,-1.551033
47,-0.845933
48,0.008408
49,-0.182901
50,1.707489
51,0.283341
52,-0.043220
53,2.956950
54,-0.436512
55,4.603507
56,1.518627
57,2.618866
58,0.667793
59,3.642297
60,1.766418
61,3.431781
62,1.990774
63,2.923956
64,-1.188409
65,0.931842
66,3.410373
67,1.395394
68,4.239736
69,-1.459434
70,-1.204298
71,1.288246
72,0.805547
73,-1.222214
74,2.240608
75,-1.023171
76,-0.444712
77,-1.845092
78,0.558693
79,-0.112015
80,1.484645
81,0.056477
82,2.060342
83,4.057676
84,1.282509
85,1.513010
86,0.812910
87,-1.438948
88,0.296593
89,0.424900
90,-0.718981
91,-2.308227
92,1.436004
93,1.352267
94,-3.767534
95,3.259834
96,3.799513
97,2.409715
98,2.220051
99,3.127852
100,0.749416
101,0.563849
102,-1.208462
103,-1.827270
104,2.337198
105,3.530195
106,-0.340246
107,0.810567
108,-1.917356
109,-0.122388
110,1.438924
111,-0.216935
112,2.430258
113,1.850773
114,1.150473
115,2.665406
116,1.436335
117,4.001841
118,3.562917
119,3.781349
120,2.061707
121,3.287471
122,4.442053
123,2.924859
124,0.437880
125,1.092659
126,1.506323
127,-0.493684
128,0.152235
129,-1.650345
130,3.207376
131,1.448762
132,2.862483
133,-1.999342
134,1.250849
135,4.927603
136,1.580197
137,-0.533383
138,-1.472879
139,-1.810974
140,-0.220555
141,0.948733
142,3.215589
143,2.036131
144,2.883767
145,-1.759013
146,2.911936
147,-2.443202
148,1.556168
149,0.934685
150,3.759962
151,-0.128557
152,3.046607
153,4.980695
154,3.972908
155,0.778955
156,0.199820
157,1.975696
158,1.059608
159,0.581826
160,-1.734170
161,0.263112
162,1.313311
163,-1.952996
164,3.735118
165,3.237150
166,4.388790
167,-2.958702
168,0.193877
169,1.572633
170,1.117493
171,-1.637746
172,-2.350435
173,-0.497827
174,-0.135422
175,0.551663
176,2.985342
177,1.518116
178,3.482414
179,-2.061209
180,-1.317169
181,-1.260804
182,1.571175
183,0.213943
184,3.754107
185,2.784541
186,2.972828
187,3.658431
188,2.349810
189,3.050194
190,3.816603
191,2.472952
192,-0.397956
193,5.316041
194,3.760818
195,3.186345
196,4.076680
197,4.046037
198,6.207085
199,7.227164
200,-0.139438
201,2.432108
202,4.573781
203,2.295150
204,4.943782
205,1.182266
206,1.539022
207,2.556495
208,2.425453
209,-0.285649
210,0.913195
211,2.014561
212,7.213378
213,2.312716
214,-0.972366
215,-0.540552
216,2.334983
217,2.402364
218,-0.162237
219,0.178372
220,0.660513
221,-1.460923
222,-2.691404
223,-0.931441
224,2.380387
225,0.238502
226,-0.937176
227,-0.881714
228,3.184021
229,1.978198
230,2.448117
231,2.697049
232,1.814097
233,-0.998100
234,2.609380
235,-2.602725
236,-0.157550
237,-0.729217
238,0.591391
239,-0.643308
240,-0.221571
241,4.109845
242,0.113080
243,1.713747
244,-1.104185
245,3.819146
246,3.854303
247,2.441232
248,1.911258
249,3.205480
250,3.923052
251,2.081928
252,3.165817
253,3.924690
254,1.906056
255,4.541027
256,1.866090
257,1.321665
258,1.665795
259,-2.065245
260,2.415823
261,-1.209447
262,0.420269
263,2.502597
264,4.029969
265,2.385225
266,-0.210201
267,-0.717869
268,-0.046161
269,1.421274
270,2.166987
271,2.600464
272,0.358959
273,2.205011
274,-1.092762
275,-0.133284
276,2.628965
277,0.949976
278,3.885104
279,6.047856
280,2.405020
281,0.575662
282,1.772964
283,0.286821
284,-0.072107
285,-2.456678
286,2.896833
287,2.511666
288,2.056944
289,4.025387
290,2.202597
291,1.644453
292,-0.831191
293,3.604538
294,-0.602325
295,2.245408
296,3.023443
297,-0.603186
298,0.709997
299,1.934829
300,-0.223710
301,-2.226432
302,-0.731939
303,-0.124581
304,0.478691
305,0.484740
306,-1.392459
307,0.204552
308,1.027156
309,0.450870
310,0.331071
311,-0.886565
312,0.025601
313,-0.857505
314,0.400541
315,-0.235420
316,-1.793822
317,-0.392137
318,-0.669066
319,-0.068562
320,-2.689447
321,0.693494
322,-1.190558
323,1.923709
324,0.116742
325,0.948242
326,0.458536
327,1.140775
328,0.437459
329,-1.637407
330,-0.304622
331,0.269222
332,-1.379688
333,-1.009036
334,-1.076510
335,-1.477679
336,-0.659066
337,0.878783
338,1.306494
339,0.470783
340,-2.390086
341,0.315566
342,0.046202
343,2.051492
344,0.362970
345,0.697170
346,-1.292568
347,1.052044
348,0.672287
349,-0.261249
350,0.738132
351,0.183239
352,-1.093688
353,-1.488134
354,0.952914
355,-0.381399
356,0.116032
357,0.462084
358,0.834283
359,-0.918768
360,-1.663294
361,-0.810019
362,0.456340
363,-0.025161
364,0.912805
365,0.930539
366,-1.494275
367,0.193708
368,-2.111833
369,-0.415211
370,-0.081774
371,0.019755
372,-0.490942
373,0.553277
374,-0.047124
375,-0.658661
376,-0.181176
377,0.541713
378,0.557437
379,1.621552
380,-0.276154
381,0.932175
382,1.390652
383,-0.684839
384,1.010149
385,-0.707032
386,-0.569044
387,0.048359
388,0.945577
389,1.172348
390,-0.255204
391,-0.835085
392,-0.417683
393,-0.971835
394,0.191867
395,1.658337
396,0.513633
397,-1.842060
398,-0.271588
399,-0.694494
400,-1.433260
401,0.000710
402,0.504000
403,0.125147
404,0.871598
405,-0.656397
406,-1.647037
407,0.311765
408,0.017588
409,1.638666
410,1.040108
411,1.796908
412,0.484600
413,-0.037376
414,0.343006
415,-1.167484
416,-0.339534
417,-1.177636
418,-1.163768
419,1.638905
420,-0.194579
421,2.203276
422,-0.505658
423,-0.147634
424,-2.445925
425,-0.926584
426,-1.626604
427,-1.643722
428,0.312369
429,-0.017900
430,-0.850765
431,0.216259
432,-1.987115
433,-0.297121
434,-1.164717
435,0.303857
436,-1.049515
437,-1.615678
438,-0.866517
439,-0.605055
440,0.217496
441,0.450943
442,1.926635
443,1.222680
444,0.739520
445,1.437763
446,-0.068026
447,1.837555
448,1.036186
449,0.584010
450,1.612233
451,-0.308753
452,0.059319
453,-0.293837
454,1.023512
455,0.355529
456,-0.715483
457,-0.534601
458,-0.701194
459,-0.564011
460,0.617976
461,0.092653
462,-0.774351
463,0.002110
464,0.439823
465,1.215177
466,0.329285
467,-0.937014
468,-1.593305
469,-2.410995
470,-0.102685
471,-1.049435
472,-1.735976
473,-0.039535
474,1.673812
475,0.325234
476,-0.781409
477,0.756589
478,-0.366695
479,-2.531867
480,-1.030267
481,0.366748
482,-0.973887
483,0.182257
484,-0.957184
485,-0.491531
486,-0.601882
487,-0.599768
488,-1.514576
489,-0.361223
490,-0.791737
491,-1.193396
492,-2.011485
493,0.462686
494,0.250165
495,-0.762510
496,1.970799
497,1.200336
498,-0.342459
499,1.258148
500,-0.462482
501,-0.276449
502,0.013780
503,0.010741
504,0.335760
505,-0.052486
506,1.160573
507,0.679243
508,0.823916
509,-0.051481
510,1.183793
511,-0.155705
512,0.596220
513,-0.783471
514,-1.149711
515,1.006021
516,0.831812
517,-0.544343
518,-1.448774
519,-0.450149
520,-0.938292
521,-2.327083
522,-0.080288
523,0.147194
524,0.207085
525,1.827753
526,-0.591879
527,0.479789
528,0.373127
529,-0.109513
530,-2.339154
531,-1.247203
532,-0.332209
533,-0.020781
534,0.688691
535,-0.124816
536,0.150615
537,1.683207
538,1.214327
539,-0.239313
540,0.694529
541,0.495556
542,0.978053
543,-0.190516
544,0.612557
545,-1.654692
546,0.549019
547,1.338655
548,1.381367
549,1.156657
550,-0.089297
551,-1.120625
552,-2.463433
553,-1.904899
554,-1.903018
555,0.767368
556,0.738848
557,-0.174932
558,-0.295835
559,0.562565
560,-0.008772
561,0.318330
562,0.173107
563,-2.856565
564,0.299747
565,1.003397
566,0.367524
567,0.014178
568,-0.334454
569,-0.463198
570,0.733438
571,1.118229
572,1.581237
573,0.122409
574,0.265331
575,-0.647036
576,-0.428964
577,0.738811
578,1.566326
579,0.099112
580,-1.010314
581,-0.755713
582,-0.129288
583,-0.151706
584,-0.704364
585,-0.958014
586,-0.250228
587,-1.110440
588,-0.145563
589,-0.924850
590,-1.295460
591,-0.483626
592,0.947960
593,-1.196928
594,0.594930
595,-1.333714
596,1.042023
597,2.784678
598,1.554028
599,0.588338
600,0.204560
601,0.763025
602,0.226412
603,-0.813904
604,0.476436
605,-0.999278
606,-0.741245
607,1.172787
608,-1.605749
609,-0.823498
610,0.199350
611,-0.149654
612,-1.938297
613,-0.119626
614,-1.386340
615,-1.043222
616,0.629144
617,-1.183698
618,-1.414555
619,-0.264981
620,2.454665
621,-0.993263
622,0.374770
623,-0.031328
624,0.619421
625,-2.381591
626,-1.332143
627,-2.204834
628,-1.282819
629,-1.895669
630,0.850471
631,-0.948552
632,0.769107
633,-0.148328
634,-1.639995
635,-0.420088
636,-0.389144
637,-0.728252
638,0.075780
639,-1.032638
640,-0.720022
641,0.143744
642,-1.378307
643,-0.950621
644,-0.065159
645,0.968826
646,-0.168692
647,-0.548886
648,0.503371
649,0.447973
650,-1.192977
651,-1.185816
652,-0.593226
653,-0.876452
654,-2.429871
655,-0.734802
656,-1.243055
657,-0.159898
658,-1.902592
659,0.240855
660,-0.926205
661,-0.886329
662,-1.596539
663,-4.240299
664,-2.482519
665,-0.805849
666,-0.303255
667,-0.871682
668,-0.776270
669,1.951578
670,1.185524
671,-0.854992
672,-0.731573
673,1.180789
674,1.041833
675,1.232535
676,-0.952634
677,-0.709291
678,0.217934
679,-0.570551
680,0.330298
681,-0.172043
682,-1.334576
683,-2.322943
684,-1.290225
685,-0.432295
686,1.143845
687,-0.529328
688,0.427609
689,0.170767
690,0.014131
691,1.250717
692,-0.207958
693,-0.834371
694,-1.284910
695,1.707525
696,0.993812
697,-1.212290
698,0.186551
699,0.704314
700,-0.124565
701,0.339851
702,1.776914
703,0.181218
704,0.727137
705,-0.624799
706,-0.263905
707,-0.742928
708,-0.472537
709,1.505795
710,-0.235470
711,1.406522
712,-0.809317
713,-0.858449
714,-1.012236
715,-0.817988
716,0.576397
717,-0.778404
718,-1.238331
719,-1.112880
720,0.464034
721,-0.346804
722,0.787638
723,0.187770
724,-1.349407
725,0.351450
726,-1.560117
727,0.144818
728,0.280105
729,-1.266647
730,0.669002
731,0.640965
732,1.166560
733,0.191144
734,1.425662
735,-0.087985
736,0.392474
737,-0.009588
738,-0.080491
739,0.680516
740,-0.905194
741,1.104013
742,1.655552
743,0.026530
744,0.295760
745,1.516294
746,-0.248110
747,-0.509469
748,-0.737806
749,1.866314
750,-0.265693
751,0.609961
752,-0.571133
753,0.352366
754,-0.131264
755,-1.350422
756,-0.428708
757,-0.147534
758,0.208495
759,0.738607
760,-0.803000
761,0.528490
762,-0.901939
763,-0.917564
764,-2.004356
765,0.733934
766,-0.918826
767,-0.616836
768,-0.747110
769,-0.874331
770,-0.360783
771,0.347322
772,-1.690640
773,0.320250
774,-0.217713
775,0.018386
776,0.171415
777,-0.538658
778,-0.317973
779,-0.585734
780,-1.060567
781,-0.169497
782,0.047191
783,-0.780953
784,-1.812637
785,-0.477094
786,-1.150137
787,0.546611
788,-0.518859
789,0.075268
790,0.715943
791,0.908246
792,-0.930495
793,-0.121662
794,2.458312
795,1.322259
796,-0.813249
797,0.562727
798,0.712039
799,0.431583
800,0.165408
801,0.779869
802,0.232556
803,0.761398
804,-0.699537
805,0.265186
806,1.151575
807,0.759774
808,-0.354764
809,0.508584
810,0.363577
811,0.240654
812,-0.374351
813,0.783686
814,-0.170408
815,0.734100
816,1.381542
817,0.405664
818,0.558842
819,0.627497
820,-0.267073
821,0.055119
822,0.804872
823,0.262708
824,-0.207830
825,0.997817
826,0.483146
827,0.533769
828,-0.940368
829,-0.545707
830,1.336290
831,-0.130675
832,-1.365444
833,-1.853007
834,-0.959480
835,-0.115314
836,-0.498649
837,0.423426
838,-0.291493
839,1.560931
840,-1.398654
841,-1.911596
842,-1.169936
843,-2.321829
844,-1.055867
845,-1.230160
846,-0.490037
847,0.587973
848,-2.093540
849,0.954965
850,0.806412
851,1.195411
852,0.715873
853,-0.588511
854,-2.609920
855,-0.617436
856,-1.529791
857,-0.650297
858,-0.388954
859,-0.397462
860,-0.219887
861,-0.962718
862,0.126524
863,1.188999
864,0.593448
865,0.637617
866,-0.210012
867,0.830375
868,1.401811
869,0.391288
870,2.045337
871,1.956136
872,0.813069
873,-0.075411
874,0.298912
875,-2.294268
876,-0.279673
877,-1.287605
878,0.863477
879,-0.099782
880,-0.640140
881,-1.102009
882,0.367478
883,0.049623
884,0.801893
885,2.124442
886,1.748797
887,1.377713
888,0.329177
889,1.963411
890,0.830823
891,0.887751
892,2.296877
893,1.973020
894,1.590467
895,1.607877
896,1.530202
897,0.049533
898,0.923744
899,0.579534
900,0.868089
901,0.970016
902,-1.723248
903,-1.924297
904,-1.543841
905,-1.545788
906,-0.796310
907,-0.273360
908,-0.863093
909,-0.523461
910,-1.572881
911,0.001279
912,2.134064
913,-0.804273
914,0.696904
915,-0.055260
916,-1.087012
917,1.051215
918,0.390333
919,0.861452
920,0.738440
921,0.237202
922,0.868398
923,1.299941
924,0.414693
925,-0.392146
926,-2.732966
927,-0.802387
928,-0.345721
929,-0.734699
930,-1.795629
931,-1.525317
932,-0.547740
933,-0.523457
934,0.249673
935,0.010704
936,1.601668
937,2.844588
938,0.435325
939,-1.382459
940,0.046996
941,-1.134278
942,0.130414
943,-0.050877
944,-1.487318
945,-1.907243
946,0.522137
947,1.735051
948,0.670112
949,-1.005588
950,0.546760
951,0.033782
952,0.666061
953,-0.238514
954,-0.763786
955,-2.081061
956,0.776274
957,1.315015
958,1.470417
959,1.056713
960,0.592729
961,0.928159
962,1.227912
963,1.358890
964,0.362584
965,-0.506832
966,-1.097470
967,1.651074
968,-0.039761
969,1.491321
970,1.503046
971,-0.323639
972,-0.031884
973,0.213974
974,0.892660
975,0.135188
976,1.365537
977,1.200567
978,1.664054
979,-0.120067
980,-0.017587
981,1.325234
982,1.193388
983,-0.724443
984,-0.830332
985,-0.283531
986,0.182401
987,-1.430047
988,-0.202858
989,1.052412
990,0.542468
991,0.277402
992,1.357175
993,0.526992
994,-1.310062
995,0.398882
996,0.520938
997,-0.729731
998,-1.261325
999,-0.331854
1000,-0.708687
1001,-0.618586
1002,0.243094
1003,-0.982933
1004,0.130581
1005,0.832656
1006,-0.596573
1007,0.473688
1008,-0.872765
1009,-1.051871
1010,1.595683
1011,0.962048
1012,0.050105
1013,-0.310783
1014,0.080198
1015,-0.027436
1016,-1.478002
1017,-0.597498
1018,-0.239188
1019,0.681757
1020,-0.207715
1021,0.712965
1022,-1.816392
1023,-0.474039
1024,1.012186
1025,-1.680823
1026,0.966554
1027,-0.552092
1028,-1.702716
1029,-0.735465
1030,-0.745613
1031,-0.432781
1032,0.084976
1033,-0.926734
1034,0.780139
1035,-0.720800
1036,1.550177
1037,1.596984
1038,0.929419
1039,-0.021995
1040,-0.001630
1041,1.659625
1042,-0.471705
1043,0.123583
1044,-1.454467
1045,0.731468
1046,1.928166
1047,-0.058472
1048,-0.902774
1049,-1.083182
1050,0.165206
1051,1.134758
1052,0.524174
1053,0.609030
1054,-0.347248
1055,0.198623
1056,0.623562
1057,1.061592
1058,-0.603279
1059,-0.298046
1060,1.478467
1061,0.080124
1062,-0.074091
1063,-1.402775
1064,-2.432312
1065,-0.339786
1066,-0.310920
1067,0.172246
1068,-0.018508
1069,-0.455702
1070,-0.469525
1071,-0.623486
1072,0.740249
1073,-0.790982
1074,-0.949419
1075,-1.883106
1076,-0.079637
1077,0.660407
1078,-0.159153
1079,-1.387506
1080,-0.004621
1081,-0.685697
1082,0.755634
1083,0.442397
1084,0.301248
1085,-1.124582
1086,0.708444
1087,-0.328236
1088,0.587307
1089,-0.040973
1090,-0.399650
1091,0.865396
1092,1.040977
1093,-0.380321
1094,0.712961
1095,-0.561279
1096,-1.610722
1097,-0.959703
1098,-1.105596
1099,1.299237
1100,0.692249
1101,0.811516
1102,-1.245755
1103,-2.071354
1104,-0.399487
1105,-1.126368
1106,-0.048101
1107,-0.408777
1108,-0.171044
1109,-0.772900
1110,-1.527812
1111,0.050501
1112,-0.241397
1113,0.098344
1114,1.061561
1115,1.418056
1116,2.684104
1117,1.547216
1118,0.629056
1119,0.959757
1120,-0.097599
1121,1.408728
1122,1.320181
1123,-1.579225
1124,-0.518947
1125,0.108334
1126,-0.568153
1127,0.197297
1128,-0.477146
1129,0.436268
1130,-1.484522
1131,-0.514779
1132,0.950939
1133,-1.433809
1134,-1.456620
1135,-0.954512
1136,-0.296807
1137,-1.423663
1138,-2.414821
1139,0.898362
1140,-1.788896
1141,-0.486252
1142,-1.252112
1143,-0.979743
1144,-1.026137
1145,-0.259063
1146,-1.531697
1147,-1.340145
1148,-2.944203
1149,-0.094910
1150,-0.322916
1151,0.240892
1152,1.506505
1153,-0.224467
1154,-1.172159
1155,-0.581783
1156,-0.230483
1157,1.044886
1158,-0.712409
1159,1.157164
1160,0.642169
1161,1.942006
1162,0.781014
1163,-0.281777
1164,-0.614854
1165,0.084481
1166,0.161273
1167,-0.514151
1168,0.890638
1169,0.346901
1170,0.191605
1171,0.684550
1172,0.603741
1173,0.399200
1174,1.110766
1175,-0.524819
1176,0.071243
1177,1.238553
1178,1.652792
1179,-1.933273
1180,0.405589
1181,0.789315
1182,-2.884820
1183,-1.321322
1184,-1.034530
1185,0.607532
1186,1.284172
1187,0.973694
1188,-1.164628
1189,-2.192887
1190,-1.135008
1191,-0.446533
1192,-3.020483
1193,-0.833987
1194,-1.657544
1195,-0.885970
1196,0.894555
1197,-1.253992
1198,-2.637370
1199,-0.169003
1200,-0.971085
1201,-0.821886
1202,0.587956
1203,0.921296
1204,-0.836792
1205,0.417153
1206,2.636209
1207,-0.088657
1208,0.546987
1209,0.637651
1210,-2.189201
1211,-0.564476
1212,-0.011119
1213,-2.610354
1214,-0.507975
1215,-1.340762
1216,-0.807942
1217,0.664447
1218,-0.270115
1219,-1.002918
1220,-0.610327
1221,-0.117231
1222,-0.027774
1223,1.870918
1224,0.621315
1225,-0.902624
1226,-1.262261
1227,0.751005
1228,-1.064759
1229,-0.227951
1230,-0.340458
1231,0.366210
1232,-0.846558
1233,-1.300716
1234,0.818493
1235,2.384739
1236,2.014753
1237,1.166925
1238,0.093833
1239,-0.395743
1240,-0.171354
1241,0.529754
1242,0.326122
1243,-1.623873
1244,1.232446
1245,1.038544
1246,-0.021271
1247,1.536102
1248,1.246100
1249,0.290323
1250,-0.682572
1251,-4.600833
1252,-2.165814
1253,0.726330
1254,-1.216552
1255,0.162409
1256,0.065625
1257,1.133266
1258,1.002124
1259,0.968329
1260,-0.984741
1261,0.600668
1262,0.234207
1263,-0.060762
1264,1.063921
1265,0.541141
1266,0.012575
1267,-0.553665
1268,-0.652127
1269,-1.208202
1270,-0.733166
1271,-1.109164
1272,0.503214
1273,-1.064298
1274,0.261465
1275,0.023750
1276,0.183065
1277,0.004859
1278,-0.276684
1279,-0.794279
1280,-1.227514
1281,1.415884
1282,0.337911
1283,2.359058
1284,0.459516
1285,-0.307969
1286,-1.222664
1287,-0.630221
1288,-1.365584
1289,-0.559552
1290,-1.558645
1291,-0.346188
1292,0.906109
1293,1.159969
1294,1.053398
1295,1.452896
1296,1.018664
1297,1.150738
1298,-1.487215
1299,-0.170857
1300,-0.351607
1301,1.010840
1302,-0.318280
1303,-0.667591
1304,0.539681
1305,0.209458
1306,-0.732231
1307,-0.219235
1308,0.319045
1309,0.057389
1310,-0.415239
1311,-0.073699
1312,-1.043917
1313,-0.869565
1314,1.016260
1315,0.575074
1316,0.147861
1317,-1.809457
1318,-0.237861
1319,-1.172955
1320,-0.376273
1321,0.195792
1322,-1.454279
1323,-0.147618
1324,-2.189540
1325,-0.167214
1326,0.722354
1327,0.857861
1328,-0.298544
1329,0.248200
1330,1.023849
1331,2.430519
1332,1.172061
1333,-1.029054
1334,-0.075528
1335,-0.013973
1336,0.741672
1337,0.601486
1338,0.445223
1339,-0.135370
1340,-0.479644
1341,-0.123196
1342,0.039840
1343,0.846719
1344,0.280464
1345,0.169568
1346,0.639950
1347,-0.101106
1348,-0.529514
1349,-0.132858
1350,0.941414
1351,-1.258456
1352,-0.696583
1353,1.759538
1354,-0.473779
1355,0.557720
1356,-1.143389
1357,0.873317
1358,0.428624
1359,0.229531
1360,0.700691
1361,1.661166
1362,1.875550
1363,-0.456460
1364,0.865566
1365,0.104650
1366,-0.575554
1367,-0.474373
1368,1.213022
1369,1.212402
1370,-0.703878
1371,0.328153
1372,0.171364
1373,-0.475291
1374,-2.813110
1375,-0.802448
1376,-0.315995
1377,1.020431
1378,0.041456
1379,0.474925
1380,0.500496
1381,1.672852
1382,-0.952731
1383,-0.453229
1384,0.256565
1385,-0.251801
1386,1.269426
1387,0.920263
1388,-0.036207
1389,-1.725177
1390,-1.676418
1391,-0.068471
1392,0.201895
1393,0.270777
1394,2.235388
1395,0.650300
1396,-1.612105
1397,-0.086195
1398,-0.277425
1399,1.342240
1400,0.913773
1401,-0.589976
1402,-0.980987
1403,-2.234667
1404,0.277389
1405,0.943700
1406,0.386959
1407,0.250269
1408,-0.188745
1409,0.853327
1410,-1.953103
1411,-1.921537
1412,-0.508341
1413,-0.489349
1414,0.073946
1415,-0.054997
1416,0.938561
1417,-0.236213
1418,-0.346936
1419,-0.398042
1420,0.927082
1421,-0.400698
1422,1.228956
1423,0.937964
1424,0.531726
1425,0.656531
1426,1.454243
1427,1.246340
1428,-1.623931
1429,1.675986
1430,0.146307
1431,-0.254471
1432,-0.450942
1433,-2.317647
1434,-0.677305
1435,-0.805287
1436,0.239391
1437,-1.131650
1438,0.117483
1439,0.408185
1440,-0.057582
1441,0.215658
1442,0.467108
1443,0.040758
1444,-2.358881
1445,-0.097767
1446,-1.689623
1447,-2.974593
1448,-1.162495
1449,-0.640959
1450,0.045087
1451,-2.345848
1452,-1.876928
1453,0.628003
1454,-0.563986
1455,-0.155781
1456,0.277472
1457,0.989668
1458,-1.660751
1459,-0.572273
1460,-0.150336
1461,-1.298277
1462,-0.173344
1463,-1.153692
1464,0.461450
1465,0.259228
1466,-0.360192
1467,-1.271874
1468,-1.231187
1469,-0.182594
1470,-2.333299
1471,-0.359644
1472,-1.994130
1473,0.586211
1474,1.187420
1475,0.678014
1476,0.331932
1477,0.221777
1478,0.340940
1479,0.447361
1480,1.449725
1481,1.440342
1482,1.202014
1483,0.375309
1484,0.508289
1485,1.359597
1486,0.270295
1487,0.365704
1488,0.180711
1489,0.338176
1490,-0.463304
1491,-0.735174
1492,0.792426
1493,1.020769
1494,0.298685
1495,-0.172608
1496,-1.201596
1497,-0.659667
1498,1.567029
1499,-1.150859
1500,0.657205
1501,-1.342281
1502,0.538453
1503,-0.020415
1504,1.180837
1505,0.375848
1506,0.253604
1507,1.995404
1508,0.225145
1509,0.562993
1510,-0.227474
1511,-0.246412
1512,0.075772
1513,-0.729252
1514,0.050831
1515,-0.444729
1516,0.227770
1517,0.566965
1518,1.219082
1519,0.683547
1520,-1.080868
1521,-1.572661
1522,0.307302
1523,-0.867625
1524,0.396867
1525,-0.953991
1526,-0.153349
1527,1.876041
1528,1.462216
1529,-1.846871
1530,0.912823
1531,1.198510
1532,-0.180275
1533,0.031930
1534,-0.288917
1535,0.387926
1536,-1.504664
1537,-0.678285
1538,1.616982
1539,0.702695
1540,-1.021224
1541,-0.365553
1542,0.848031
1543,0.293464
1544,0.125586
1545,-0.335936
1546,0.022459
1547,-0.216630
1548,0.826714
1549,0.656841
1550,-0.102331
1551,-0.153879
1552,-1.662141
1553,-2.149044
1554,-0.962483
1555,0.676921
1556,0.796409
1557,-0.699289
1558,0.800142
1559,0.031514
1560,-0.447258
1561,1.002089
1562,-0.435477
1563,1.392348
1564,1.688253
1565,0.900342
1566,-1.544690
1567,-1.359751
1568,0.617225
1569,-0.179220
1570,-1.610873
1571,-0.973518
1572,0.342760
1573,-0.500930
1574,0.578253
1575,1.901970
1576,0.561283
1577,-0.669110
1578,0.095212
1579,1.224960
1580,-0.280073
1581,0.268627
1582,0.312519
1583,2.430478
1584,1.215775
1585,-0.659554
1586,-0.728738
1587,1.082760
1588,1.118146
1589,0.520710
1590,1.950578
1591,1.562363
1592,1.333566
1593,-1.056406
1594,0.421104
1595,1.464107
1596,0.636625
1597,0.297827
1598,0.326770
1599,0.978155
1600,-1.192295
1601,-0.588375
1602,0.172300
1603,-0.842425
1604,0.706146
1605,-1.035354
1606,-1.155559
1607,0.054342
1608,1.497666
1609,0.121622
1610,0.950722
1611,1.662119
1612,-0.364724
1613,0.901654
1614,-0.066853
1615,-0.055764
1616,-0.269976
1617,-0.604782
1618,-0.800371
1619,-1.174157
1620,-0.758081
1621,-0.910849
1622,0.311290
1623,-1.434421
1624,-0.164638
1625,0.892735
1626,1.544429
1627,0.765109
1628,0.737441
1629,-0.333251
1630,-2.067610
1631,-0.476534
1632,-0.511037
1633,-3.359662
1634,-2.222398
1635,0.321239
1636,-1.436560
1637,1.268259
1638,1.421584
1639,-1.144576
1640,0.116042
1641,-1.285071
1642,1.289893
1643,-0.576672
1644,-1.353298
1645,-0.012255
1646,1.448903
1647,0.373823
1648,-1.464692
1649,-1.792593
1650,-1.347105
1651,0.491817
1652,-0.095499
1653,1.285564
1654,1.960766
1655,0.123255
1656,-0.556963
1657,0.490431
1658,0.325012
1659,0.575376
1660,-0.981796
1661,0.177760
1662,0.853955
1663,1.202344
1664,0.466628
1665,0.165036
1666,-1.162195
1667,1.170040
1668,-1.964969
1669,-1.936568
1670,0.595502
1671,0.342421
1672,-0.992497
1673,0.534290
1674,0.903503
1675,1.810291
1676,0.397469
1677,1.475483
1678,2.355161
1679,-0.895720
1680,-0.829873
1681,0.669370
1682,-1.753729
1683,-1.412627
1684,-0.549827
1685,1.071088
1686,0.502209
1687,-0.839945
1688,0.019844
1689,-3.014753
1690,-0.633277
1691,0.892914
1692,-1.441047
1693,-1.153037
1694,-0.507426
1695,-2.063839
1696,-0.148198
1697,0.655908
1698,0.776111
1699,-0.436330
1700,-1.333104
1701,0.063509
1702,1.074097
1703,-1.029107
1704,0.228822
1705,-0.025322
1706,-0.117094
1707,-0.687999
1708,0.557830
1709,0.322736
1710,1.217599
1711,0.975962
1712,2.834882
1713,2.507702
1714,0.669125
1715,0.495305
1716,1.074978
1717,0.884161
1718,0.562251
1719,0.775033
1720,-0.336083
1721,-0.610473
1722,-1.042834
1723,0.108999
1724,1.915113
1725,0.205306
1726,0.203880
1727,0.194562
1728,-0.221432
1729,0.709936
1730,-0.082773
1731,1.122561
1732,-0.103118
1733,0.353254
1734,-0.197043
1735,-0.176656
1736,-0.442385
1737,-0.681138
1738,-0.109261
1739,0.702041
1740,-2.517187
1741,-0.562532
1742,-0.355745
1743,-0.086387
1744,-0.428959
1745,-0.179290
1746,0.490550
1747,0.241449
1748,-0.425328
1749,0.954320
1750,0.490342
1751,-1.600156
1752,-0.280965
1753,-0.081639
1754,-0.245324
1755,1.355692
1756,1.032119
1757,-1.118144
1758,-0.946781
1759,1.139870
1760,-0.939106
1761,0.271651
1762,0.461640
1763,-0.934211
1764,-0.195899
1765,2.138774
1766,-0.335368
1767,0.334251
1768,-0.444090
1769,1.411962
1770,2.008273
1771,0.618237
1772,-0.849495
1773,-0.106796
1774,2.133733
1775,0.442933
1776,-1.104491
1777,-1.370625
1778,0.879815
1779,2.045546
1780,2.336073
1781,1.033079
1782,-1.747649
1783,0.410556
1784,1.598246
1785,-0.920537
1786,0.108414
1787,-0.015773
1788,-0.546326
1789,-0.589215
1790,-1.058209
1791,0.143061
1792,-0.610576
1793,-1.406047
1794,-2.226312
1795,-0.987246
1796,-0.536481
1797,0.028092
1798,1.269275
1799,-0.224701
1800,-1.352918
1801,-0.615324
1802,-1.074628
1803,-0.210610
1804,0.910486
1805,-0.032225
1806,1.399015
1807,0.498805
1808,-0.607889
1809,0.560617
1810,2.434823
1811,-0.045452
1812,2.121141
1813,2.311131
1814,-0.213804
1815,-0.764003
1816,0.253207
1817,-2.276169
1818,0.164903
1819,-0.088306
1820,-0.379992
1821,1.105603
1822,-0.836401
1823,-0.949380
1824,-0.994514
1825,0.210719
1826,-1.720506
1827,-0.209703
1828,-1.401840
1829,-1.072498
1830,-0.035842
1831,-0.653457
1832,0.363725
1833,-0.007531
1834,0.672883
1835,2.302663
1836,-0.967703
1837,-0.879909
1838,0.101020
1839,1.418870
1840,0.162827
1841,0.571924
1842,-0.374946
1843,-2.166569
1844,-1.187593
1845,-0.650085
1846,-0.851477
1847,-1.505413
1848,0.168919
1849,0.752769
1850,0.659101
1851,0.102462
1852,1.733981
1853,0.340703
1854,0.124689
1855,0.789784
1856,1.605093
1857,0.210077
1858,-0.206105
1859,0.773080
1860,-0.923233
1861,0.249650
1862,0.585134
1863,0.026753
1864,0.923553
1865,0.800829
1866,-0.054489
1867,0.242926
1868,-0.340700
1869,1.721220
1870,0.886617
1871,1.121504
1872,-0.282079
1873,0.346837
1874,0.962812
1875,0.221422
1876,0.128025
1877,-1.139833
1878,-1.942929
1879,-1.693642
1880,0.128035
1881,-1.787379
1882,-1.453501
1883,0.634730
1884,1.839677
1885,-0.522092
1886,0.754958
1887,-1.233761
1888,0.222410
1889,0.303728
1890,0.419844
1891,-0.447664
1892,0.452833
1893,-0.411635
1894,-1.154462
1895,-2.262215
1896,0.038244
1897,0.008679
1898,-1.442258
1899,0.065593
1900,0.545817
1901,0.778732
1902,2.188253
1903,1.642679
1904,1.968753
1905,0.274787
1906,-2.165013
1907,-1.450805
1908,0.137834
1909,-1.572617
1910,-1.070770
1911,0.280435
1912,-1.999348
1913,-1.174673
1914,0.794565
1915,0.965504
1916,-0.909909
1917,0.784615
1918,-0.380350
1919,-0.101726
1920,0.300793
1921,0.744107
1922,0.946579
1923,1.125664
1924,0.433048
1925,-0.205588
1926,0.097697
1927,0.456736
1928,0.755881
1929,-0.936148
1930,-1.213645
1931,-1.202458
1932,-0.970748
1933,0.031996
1934,-0.304723
1935,-0.336018
1936,0.571832
1937,-0.626874
1938,-0.071452
1939,-2.066122
1940,-1.260666
1941,-0.642214
1942,0.533792
1943,0.674070
1944,-0.371403
1945,0.034448
1946,1.954138
1947,0.004137
1948,1.168183
1949,-1.204184
1950,-0.398424
1951,-0.190000
1952,-1.077772
1953,-0.227557
1954,2.004530
1955,1.134067
1956,-0.359780
1957,0.063684
1958,0.314199
1959,0.614363
1960,-0.810029
1961,-0.973094
1962,1.060302
1963,0.492605
1964,-0.510558
1965,0.365140
1966,-0.158615
1967,-0.199895
1968,0.604822
1969,0.079005
1970,-0.860273
1971,-0.322293
1972,-0.269755
1973,-0.829309
1974,-0.924343
1975,0.231073
1976,0.150843
1977,0.200780
1978,1.426278
1979,-0.866012
1980,-0.380891
1981,-0.867307
1982,-1.041621
1983,0.847872
1984,0.333611
1985,0.402100
1986,-1.226603
1987,-0.327799
1988,1.014744
1989,0.961263
1990,-1.956804
1991,-0.992912
1992,-0.319053
1993,1.537462
1994,3.937992
1995,-1.398314
1996,-0.275250
1997,0.081140
1998,-1.814236
1999,-1.223179
2000,0.120768
2001,1.536782
2002,0.930342
2003,1.057306
2004,1.020175
2005,2.412272
2006,-1.583540
2007,-0.431867
2008,-0.672544
2009,0.523928
2010,-0.471615
2011,0.834343
2012,0.136256
2013,-0.116879
2014,-0.488428
2015,-0.910270
2016,-0.780702
2017,-0.856207
2018,-0.149631
2019,0.334491
2020,-0.352701
2021,-1.026800
2022,-1.027370
2023,1.238886
2024,2.349828
2025,-0.086532
2026,-0.039320
2027,-0.123560
2028,-1.552372
2029,-1.674078
2030,0.504256
2031,0.306374
2032,-0.356783
2033,-0.061439
2034,-0.231256
2035,-0.787358
2036,-1.519565
2037,-0.459131
2038,0.893112
2039,0.995985
2040,-0.549900
2041,-0.354168
2042,-0.085081
2043,-2.310450
2044,-0.244710
2045,0.860602
2046,-0.260621
2047,-0.100086
2048,1.810441
2049,0.050329
2050,-1.063563
2051,-0.886517
2052,-1.743572
2053,1.097844
2054,-1.501198
2055,-0.152240
2056,0.812658
2057,-0.445027
2058,0.153609
2059,-1.190625
2060,-0.607077
2061,-0.985688
2062,-0.603949
2063,1.488177
2064,0.258809
2065,2.162751
2066,1.066579
2067,0.335600
2068,1.022074
2069,-0.302832
2070,0.561149
2071,1.010393
2072,0.804052
2073,-0.778983
2074,-0.409075
2075,-0.220163
2076,0.849238
2077,1.054497
2078,1.376832
2079,1.925568
2080,0.945744
2081,0.057631
2082,-0.168594
2083,1.145460
2084,-0.605167
2085,1.426562
2086,-0.809128
2087,-0.499404
2088,0.742390
2089,-0.446880
2090,-0.979534
2091,-1.066336
2092,-0.307946
2093,-0.982398
2094,1.689568
2095,-1.623995
2096,-1.155154
2097,-0.998556
2098,1.106583
2099,0.318828
2100,-2.104420
2101,0.264714
2102,-0.279364
2103,-0.334260
2104,1.337916
2105,1.172744
2106,-0.657602
2107,0.693568
2108,0.889105
2109,-0.127515
2110,0.533108
2111,0.559320
2112,1.147074
2113,0.690321
2114,3.026649
2115,-0.547999
2116,-0.028279
2117,-0.332555
2118,-0.879017
2119,0.318275
2120,0.501833
2121,1.929669
2122,0.950436
2123,1.120876
2124,1.416861
2125,1.202683
2126,0.858055
2127,-0.846549
2128,-0.642860
2129,-0.472267
2130,0.385027
2131,-1.192197
2132,0.699979
2133,-0.830781
2134,-0.761951
2135,-2.069843
2136,-2.007141
2137,-0.802012
2138,2.470076
2139,-0.531999
2140,-1.326801
2141,1.150255
2142,-1.482475
2143,-0.360046
2144,1.834819
2145,0.708430
2146,-1.033308
2147,-0.857945
2148,-1.883300
2149,-0.095789
2150,1.002770
2151,-0.163718
2152,0.268193
2153,-1.206656
2154,-0.865957
2155,-0.125737
2156,-1.135225
2157,-1.247511
2158,-1.054872
2159,-1.164046
2160,-0.391733
2161,-0.532520
2162,-0.189060
2163,1.822423
2164,-0.143823
2165,0.314205
2166,1.731875
2167,1.556684
2168,-0.000643
2169,-1.383895
2170,-1.139174
2171,-0.142541
2172,1.319699
2173,1.978438
2174,0.022992
2175,0.193375
2176,0.903887
2177,-0.302383
2178,-0.255894
2179,0.348424
2180,0.985968
2181,-0.432557
2182,-0.913013
2183,1.052368
2184,2.129250
2185,-0.299311
2186,-0.374029
2187,0.165665
2188,0.956603
2189,-0.842753
2190,-2.324763
2191,-0.613311
2192,0.245951
2193,-0.444321
2194,0.233242
2195,1.736781
2196,0.335167
2197,-1.609195
2198,-1.747493
2199,0.910793
2200,-0.924617
2201,-0.042704
2202,-0.272644
2203,-1.757967
2204,0.245638
2205,0.172185
2206,-0.119516
2207,0.113643
2208,-0.770961
2209,0.594627
2210,0.471218
2211,0.147157
2212,0.235411
2213,0.165835
2214,0.105158
2215,-0.180175
2216,-0.956658
2217,-0.495677
2218,-1.374342
2219,-0.646756
2220,0.832354
2221,-0.917585
2222,0.329030
2223,-1.071300
2224,1.598653
2225,-0.057495
2226,-0.688370
2227,-1.215046
2228,-0.817704
2229,0.277785
2230,0.016549
2231,0.310450
2232,-1.151147
2233,0.582422
2234,0.460835
2235,1.992390
2236,1.611906
2237,1.073132
2238,0.731894
2239,0.156516
2240,-1.497414
2241,-0.583701
2242,-1.141002
2243,0.824073
2244,0.102617
2245,-1.987302
2246,0.996554
2247,-0.293785
2248,0.583936
2249,-0.392173
2250,-1.809951
2251,0.550582
2252,0.006013
2253,0.524558
2254,-0.005457
2255,-0.829466
2256,-1.314536
2257,-1.454322
2258,0.096920
2259,-0.112517
2260,0.048339
2261,1.242893
2262,1.955101
2263,-0.580740
2264,-1.078165
2265,0.965248
2266,0.063884
2267,-0.100795
2268,-0.070711
2269,0.412490
2270,0.345517
2271,0.150106
2272,1.369422
2273,0.065333
2274,-0.152310
2275,-0.309384
2276,-0.873325
2277,-0.758271
2278,-2.207400
2279,-0.783190
2280,-1.052770
2281,-1.698074
2282,-0.029093
2283,1.358901
2284,-0.211752
2285,0.369114
2286,-0.618149
2287,0.794715
2288,0.565707
2289,0.418618
2290,-0.156519
2291,-0.256490
2292,-2.655538
2293,-1.091227
2294,-1.226490
2295,-1.091655
2296,0.127502
2297,0.829469
2298,-1.507794
2299,-1.254020
2300,-1.617896
2301,-0.760040
2302,0.779116
2303,1.817786
2304,-0.074498
2305,-0.752603
2306,-1.596673
2307,-0.531360
2308,-0.112534
2309,-1.697831
2310,0.633272
2311,-0.541142
2312,-1.057126
2313,0.673648
2314,-0.032460
2315,1.202333
2316,-1.624020
2317,-2.368748
2318,-1.610528
2319,-1.142858
2320,-1.272524
2321,0.587784
2322,0.955643
2323,0.675192
2324,0.204895
2325,0.892652
2326,0.897828
2327,-0.086794
2328,-0.574997
2329,-0.615640
2330,-0.572819
2331,-0.404220
2332,0.807750
2333,-0.410136
2334,-1.820053
2335,-0.916892
2336,-0.477627
2337,-0.250318
2338,0.251660
2339,1.518482
2340,0.955560
2341,-0.364283
2342,-1.333773
2343,0.445788
2344,1.249922
2345,0.961824
2346,1.140261
2347,-2.317201
2348,-1.860329
2349,-0.605890
2350,0.542898
2351,1.800282
2352,1.973607
2353,1.741109
2354,-1.224861
2355,0.798781
2356,-0.887602
2357,-0.552875
2358,1.053304
2359,2.205366
2360,0.366552
2361,-0.551474
2362,-0.076503
2363,0.204282
2364,-0.691619
2365,-0.999861
2366,0.354569
2367,1.172081
2368,-0.376310
2369,0.752368
2370,0.698138
2371,-0.545388
2372,0.957485
2373,-0.791644
2374,-0.251155
2375,-1.271362
2376,0.218115
2377,0.453180
2378,-0.055418
2379,-2.000429
2380,-1.304263
2381,0.161110
2382,-0.916125
2383,1.653315
2384,0.517511
2385,-0.632134
2386,-0.262105
2387,-1.014699
2388,-1.212010
2389,-0.482402
2390,0.745283
2391,0.975382
2392,-0.500229
2393,-0.401671
2394,-0.072511
2395,-0.836162
2396,0.236562
2397,-1.230175
2398,-0.026262
2399,-0.527589
2400,1.083882
2401,-0.503574
2402,-1.035378
2403,1.393224
2404,-0.639745
2405,-1.005975
2406,0.668664
2407,-1.002213
2408,-0.587889
2409,1.721803
2410,0.140118
2411,1.039440
2412,0.321304
2413,-0.888457
2414,-1.412670
2415,-1.113247
2416,-1.160889
2417,1.233405
2418,0.796225
2419,-0.180255
2420,1.102591
2421,1.577764
2422,0.024321
2423,1.489807
2424,1.875621
2425,-1.044436
2426,-1.488537
2427,0.908242
2428,1.207227
2429,0.949842
2430,1.050497
2431,-0.058011
2432,-1.958737
2433,0.610281
2434,0.526107
2435,0.577591
2436,-2.529839
2437,-0.029988
2438,-0.476489
2439,0.885341
2440,-0.363345
2441,1.924475
2442,-0.772148
2443,-1.018015
2444,-0.952492
2445,-2.038971
2446,0.198587
2447,-2.153959
2448,-0.419885
2449,-0.977031
2450,-0.205742
2451,-0.719693
2452,0.513024
2453,0.500080
2454,-0.121153
2455,1.478297
2456,0.598287
2457,0.806041
2458,2.060514
2459,1.684230
2460,0.953897
2461,0.018285
2462,0.626314
2463,0.541425
2464,1.087979
2465,-0.612154
2466,0.865164
2467,-0.274263
2468,-0.134006
2469,-0.106170
2470,-1.943462
2471,-0.027225
2472,1.702353
2473,0.428762
2474,-0.274275
2475,-0.313575
2476,0.366981
2477,1.348867
2478,1.271091
2479,0.635177
2480,0.868919
2481,1.624285
2482,-0.158280
2483,1.286947
2484,0.183768
2485,1.351378
2486,1.068245
2487,0.991707
2488,0.720932
2489,0.560003
2490,2.573937
2491,0.576550
2492,0.601478
2493,1.273054
2494,0.988926
2495,0.378369
2496,-1.373150
2497,-1.527948
2498,-1.557031
2499,-0.346303
2500,-0.575768
2501,-0.724780
2502,1.146655
2503,-0.179533
2504,0.445256
2505,-0.897910
2506,-0.212488
2507,-0.529792
2508,1.271308
2509,0.093945
2510,0.230197
2511,-0.295837
2512,0.633204
2513,1.753525
2514,1.514288
2515,-1.438869
2516,0.064532
2517,-0.069936
2518,-0.006689
2519,0.933931
2520,0.818589
2521,-0.382523
2522,-0.094882
2523,1.036354
2524,1.345721
2525,0.943745
2526,-2.438035
2527,1.698986
2528,-0.317516
2529,-0.251380
2530,-2.594992
2531,0.126606
2532,-0.929872
2533,-1.126335
2534,0.127377
2535,0.943734
2536,-0.490940
2537,0.852681
2538,2.103137
2539,-0.174297
2540,-1.005728
2541,-1.808967
2542,0.904687
2543,-0.297117
2544,0.818942
2545,0.847016
2546,1.392520
2547,1.020555
2548,0.103681
2549,0.323824
2550,2.053414
2551,0.698011
2552,0.700826
2553,0.090145
2554,-0.081049
2555,-1.036305
2556,-1.070728
2557,-1.650491
2558,-1.396446
2559,-3.437335
2560,-1.662325
2561,-1.225132
2562,0.164236
2563,-1.002321
2564,0.747696
2565,1.038087
2566,1.824236
2567,-0.096615
2568,-1.160933
2569,0.100767
2570,-1.571042
2571,-1.611498
2572,-0.586930
2573,-1.621879
2574,-0.208393
2575,0.012244
2576,0.523253
2577,0.818148
2578,-0.560090
2579,0.958256
2580,0.223924
2581,-1.708027
2582,-0.847380
2583,-2.052830
2584,-0.492565
2585,-0.997514
2586,-2.003440
2587,-1.017062
2588,0.281213
2589,0.539868
2590,1.639686
2591,1.127808
2592,-0.585289
2593,-0.500855
2594,0.061440
2595,-0.117280
2596,-1.143531
2597,0.325215
2598,-0.183624
2599,0.228157
2600,0.619661
2601,-0.072917
2602,-2.926240
2603,0.092282
2604,-0.706444
2605,0.151892
2606,-1.299363
2607,1.100746
2608,-0.517218
2609,0.122456
2610,1.340675
2611,0.868910
2612,-1.110778
2613,0.429051
2614,-0.230737
2615,0.742634
2616,-1.009445
2617,-1.856218
2618,-0.937632
2619,-0.681105
2620,0.157881
2621,0.850304
2622,0.994357
2623,-0.146356
2624,-0.024307
2625,0.128001
2626,0.225796
2627,-0.372325
2628,-0.233177
2629,-0.339903
2630,-1.344156
2631,-0.497667
2632,-1.296150
2633,-0.912340
2634,-1.822313
2635,1.261816
2636,-0.609320
2637,-1.034761
2638,2.256842
2639,0.955475
2640,0.943032
2641,2.000033
2642,-0.086629
2643,-0.631713
2644,-0.936145
2645,0.831890
2646,0.732977
2647,0.096885
2648,-0.856605
2649,-0.263046
2650,-0.424510
2651,-0.248236
2652,-0.131990
2653,1.100840
2654,-1.143555
2655,-0.920150
2656,-1.839916
2657,0.276275
2658,-0.441843
2659,2.413614
2660,0.293874
2661,0.677205
2662,-0.644126
2663,2.046127
2664,0.160425
2665,0.304028
2666,0.086472
2667,-1.822748
2668,0.605948
2669,-0.531414
2670,-0.459940
2671,-0.389771
2672,-0.962043
2673,1.653106
2674,0.814216
2675,-1.852470
2676,0.350033
2677,0.892510
2678,-0.098283
2679,-1.438575
2680,0.329840
2681,1.463872
2682,-1.045524
2683,-1.566857
2684,-2.361803
2685,-0.738432
2686,-1.374350
2687,-1.455647
2688,-0.613180
2689,-0.160217
2690,-1.381035
2691,-0.831240
2692,-0.934246
2693,-0.673189
2694,0.705098
2695,-1.031785
2696,-1.511892
2697,0.171543
2698,-0.080280
2699,0.099575
2700,0.795129
2701,-0.067125
2702,-0.406558
2703,-1.919936
2704,0.550478
2705,-0.369228
2706,-0.623528
2707,-1.745016
2708,-2.718321
2709,0.177456
2710,0.111064
2711,-0.042038
2712,0.947079
2713,-0.185232
2714,1.214331
2715,-0.088396
2716,-0.910446
2717,-0.771031
2718,0.279618
2719,-0.526779
2720,1.514546
2721,0.154630
2722,-0.434311
2723,-1.180046
2724,-0.365664
2725,-0.246881
2726,-0.761314
2727,-0.551827
2728,-0.604123
2729,0.125846
2730,-0.096283
2731,-0.498007
2732,0.290793
2733,-0.527506
2734,-1.036727
2735,-1.043391
2736,-0.740859
2737,-1.201528
2738,-0.668381
2739,0.001512
2740,0.633329
2741,1.111212
2742,0.103051
2743,0.562187
2744,-0.417742
2745,-1.485710
2746,0.781318
2747,-0.784474
2748,-0.056597
2749,0.905785
2750,1.001109
2751,-0.795152
2752,-1.453325
2753,-2.250763
2754,-0.951241
2755,0.107376
2756,0.321887
2757,-0.921035
2758,-1.314762
2759,0.220914
2760,-1.289878
2761,-0.507817
2762,1.457632
2763,-0.709372
2764,-1.009961
2765,0.770253
2766,0.877798
2767,0.070059
2768,-0.149413
2769,-0.999011
2770,-0.694232
2771,-1.301903
2772,-0.943394
2773,0.077152
2774,0.603929
2775,0.092028
2776,-0.013129
2777,1.859393
2778,0.893324
2779,-1.317487
2780,0.701719
2781,1.048730
2782,0.201238
2783,-0.482390
2784,-1.613958
2785,0.448177
2786,-0.117351
2787,-0.944581
2788,0.830040
2789,0.163738
2790,0.064977
2791,-0.567596
2792,-0.231648
2793,-0.125319
2794,0.511862
2795,-1.262728
2796,-0.145880
2797,-0.986154
2798,-0.259942
2799,-1.029864
2800,1.443798
2801,-1.294727
2802,-1.836672
2803,-0.590482
2804,-0.479142
2805,-0.194543
2806,1.111222
2807,-0.657814
2808,-0.046603
2809,1.079569
2810,-0.690725
2811,0.575167
2812,1.217491
2813,0.484607
2814,1.211898
2815,2.673394
2816,1.219326
2817,-0.163198
2818,-0.878812
2819,0.324009
2820,-1.474663
2821,1.798327
2822,-0.676047
2823,-1.820711
2824,-0.714651
2825,-1.187975
2826,-0.119010
2827,-0.670374
2828,-0.406839
2829,0.072762
2830,0.661436
2831,-0.686683
2832,-1.211614
2833,0.810568
2834,1.261861
2835,-0.117525
2836,-0.806380
2837,0.542220
2838,-0.005541
2839,-0.349688
2840,0.634063
2841,0.319068
2842,0.075944
2843,-0.764389
2844,1.166424
2845,1.359945
2846,0.686989
2847,0.509355
2848,0.424282
2849,1.746030
2850,0.411319
2851,1.263566
2852,0.237891
2853,-0.351111
2854,0.248965
2855,-0.310609
2856,0.073718
2857,1.242184
2858,1.191865
2859,0.334422
2860,-0.169946
2861,0.350874
2862,-0.401626
2863,1.544673
2864,0.206900
2865,-0.342205
2866,-1.111668
2867,1.068152
2868,0.296374
2869,-0.893464
2870,1.240105
2871,0.316250
2872,-0.019122
2873,-1.446228
2874,-0.746999
2875,-1.034242
2876,0.194678
2877,0.711688
2878,0.951154
2879,-1.349777
2880,2.364380
2881,1.372240
2882,1.753606
2883,1.709838
2884,-0.757901
2885,-0.522815
2886,0.876646
2887,-0.043099
2888,-0.437673
2889,-1.964576
2890,-0.974855
2891,-1.181517
2892,0.552823
2893,-1.853137
2894,-1.525099
2895,-0.417698
2896,-1.931809
2897,-0.614932
2898,0.437865
2899,-0.951695
2900,-1.003947
2901,-2.592791
2902,-0.784179
2903,-2.086272
2904,1.139440
2905,-0.278367
2906,-0.633142
2907,2.856308
2908,1.100508
2909,0.257960
2910,-0.793493
2911,0.524918
2912,-0.573254
2913,1.496406
2914,-0.402846
2915,0.557204
2916,-0.276444
2917,-0.985400
2918,-0.246040
2919,0.464798
2920,1.829578
2921,-0.880742
2922,-1.972929
2923,1.813008
2924,1.325288
2925,2.114828
2926,1.807242
2927,2.224531
2928,0.052253
2929,1.235602
2930,1.018068
2931,0.235176
2932,-0.546806
2933,-0.109691
2934,1.055233
2935,0.139676
2936,1.477251
2937,0.372295
2938,-0.539957
2939,-1.283344
2940,-1.470263
2941,-1.469454
2942,-0.447212
2943,0.058141
2944,1.548427
2945,1.984708
2946,-0.459196
2947,0.138984
2948,1.627540
2949,-0.523102
2950,-0.839117
2951,-0.229308
2952,-0.785478
2953,0.907134
2954,-0.160472
2955,-1.277368
2956,-0.395732
2957,0.736570
2958,1.400506
2959,-0.018797
2960,-2.571909
2961,-1.347768
2962,-0.984274
2963,-0.303429
2964,0.841531
2965,0.083032
2966,-0.771975
2967,0.003852
2968,0.218537
2969,-0.956506
2970,-0.407176
2971,-0.779401
2972,-0.334700
2973,-0.545313
2974,1.220802
2975,0.623282
2976,1.508498
2977,0.829079
2978,-0.159730
2979,-0.933528
2980,-1.110845
2981,-1.338042
2982,-0.231736
2983,1.664479
2984,0.212977
2985,-0.689306
2986,1.321866
2987,1.062723
2988,1.596471
2989,1.276396
2990,0.718420
2991,-0.396654
2992,-0.316256
2993,0.859478
2994,0.456637
2995,0.615856
2996,-1.024073
2997,-1.057756
2998,-0.664670
2999,-1.078496
3000,1.309758
3001,1.919879
3002,0.257541
3003,-0.543722
3004,-0.167081
3005,1.341652
3006,-0.876245
3007,-0.728782
3008,0.797802
3009,-0.482923
3010,-0.288843
3011,-0.547269
3012,-1.310036
3013,1.529145
3014,-0.888308
3015,-0.854312
3016,-1.148237
3017,0.860347
3018,1.295846
3019,-0.131017
3020,-0.720450
3021,-1.125498
3022,-0.129281
3023,0.439436
3024,-0.084223
3025,-1.168842
3026,0.881093
3027,1.214485
3028,0.793493
3029,0.045444
3030,1.848746
3031,0.148221
3032,0.695616
3033,-1.462224
3034,0.843461
3035,0.405389
3036,0.162922
3037,0.033664
3038,-0.003361
3039,1.222428
3040,2.491254
3041,0.843178
3042,0.154951
3043,1.282032
3044,0.265423
3045,-0.968968
3046,-0.195895
3047,-1.638900
3048,0.594181
3049,-0.011624
3050,-0.226183
3051,0.344126
3052,-0.854636
3053,-1.715935
3054,-2.276779
3055,-0.773751
3056,-1.114356
3057,-1.539488
3058,-0.918129
3059,-0.924589
3060,1.051316
3061,0.037399
3062,0.808751
3063,-1.019330
3064,-0.728433
3065,-0.196465
3066,0.014908
3067,-0.888387
3068,-0.572833
3069,-0.824512
3070,-1.082991
3071,0.350709
3072,-0.822452
3073,-1.249457
3074,-2.036093
3075,-1.817729
3076,-0.207851
3077,-1.487365
3078,0.414652
3079,0.441393
3080,-0.161309
3081,-0.937004
3082,-0.291230
3083,0.158512
3084,0.012506
3085,-0.495196
3086,0.024542
3087,-0.168488
3088,-1.858337
3089,0.061084
3090,-0.715355
3091,1.439240
3092,0.462657
3093,-0.230454
3094,0.678795
3095,0.310275
3096,-0.255224
3097,0.670132
